P 477.4931, -1082.5374, 21.1846,  240, 240, 240,  2,  Centi_Slave_Quarters
P 1666.3730, -1084.8160, 14.0019,  240, 240, 240,  2,  Council_of_Shei_Vinitras
P 507.3442, -449.4482, -24.9979,  240, 240, 240,  2,  The_Altar_of_Akelha`Ra
P 503.0323, 328.9543, -25.7469,  240, 240, 240,  2,  Sacrifice_of_the_Itraer_Vius
P -340.0369, -65.1883, 2.0019,  240, 240, 240,  2,  Lair_of_the_Va`Dyn
P 1421.7076, -711.0395, 12.0019,  0, 0, 240,  1,  GS:_Section_of_Parchment
P 243.4652, -1194.9869, 21.0020,  127, 64, 0,  2,  Vius`Tekar_(Hunter)
P 1034.4877, 553.3368, 8.4186,  127, 64, 0,  2,  Transient_Xin_(Hunter)
P 925.7799, 1117.2670, 18.3144,  127, 64, 0,  2,  Transient_Xakra_(Hunter)
P 920.5791, -1138.9927, 18.0018,  127, 64, 0,  2,  Lorekeeper_(Hunter)
P 414.8750, -950.0000, 21.0010,  127, 64, 0,  2,  Diabo`Teka`Temeriel_(Hunter)
P 920.5408, -1240.3698, 6.2072,  127, 64, 0,  2,  Altar_Priest_(Hunter)
P 1734.7177, -1146.8881, 14.0019,  240, 127, 0,  2,  Sheleric_Vis_(Raid)
P -526.7149, -68.9499, 12.0019,  240, 127, 0,  2,  The_Va`Dyn_(Raid)
P 494.1829, 419.0939, -25.9979,  240, 127, 0,  2,  The_Itraer_Vius_(Raid)
P 1176.9301, 1442.1409, 9.0019,  240, 127, 0,  2,  The_Insanity_Crawler_(Raid)
P 1797.5000, -1085.5729, 38.0019,  240, 127, 0,  2,  Shei_Vinitras_(Raid)
P 504.4209, -522.9049, -16.9979,  0, 0, 0,  2,  Sacrificed_Remains
P -60.0000, 1395.0000, 0.0000,  255, 0, 0,  2,  Succor
P 71.0000, 1373.0000, 0.0000,  255, 0, 0,  3,  to_The_Maiden`s_Eye
