P 305.1683, -1157.1929, -17.9980,  0, 0, 0,  3,  General_Jared_Blaystich
P -314.8778, 730.5836, 29.0019,  240, 240, 240,  2,  Echo_Caverns_Outpost
P -177.5038, 1577.7144, -26.9979,  0, 0, 0,  2,  Crew_Chief_Grinn
P -224.7288, 1387.5864, -2.1806,  0, 0, 0,  2,  Jake_the_Shoveler
P -1358.0000, 1496.0000, 115.1201,  127, 64, 0,  2,  Trillcor_(Hunter)
P 303.0000, -335.0000, -24.0306,  127, 64, 0,  2,  Torin_Truestring_(Hunter)
P 129.6356, -871.0201, -112.6194,  127, 64, 0,  2,  The_Needlite_Queen_(Hunter)
P 494.0000, -380.0000, -40.9970,  127, 64, 0,  2,  Dack_Tiktopper_(Hunter)
P 732.8342, -563.7872, -32.6853,  127, 64, 0,  2,  Murph_Cobblestone_(Hunter)
P -1206.0000, 1466.0000, 117.0480,  127, 64, 0,  2,  Fireclaw_(Hunter)
P -1068.4277, 773.6869, 87.0547,  127, 64, 0,  2,  Fireclaw_(Hunter)
P -1152.0363, 739.9458, 97.3142,  127, 64, 0,  2,  Fireclaw_(Hunter)
P 710.7727, -528.5318, -30.5655,  127, 64, 0,  2,  Crinthia_Signseer_(Hunter)
P 529.9133, -235.2208, -40.6853,  127, 64, 0,  2,  Crinthia_Signseer_(Hunter)
P -507.6797, -534.5080, -45.9625,  127, 64, 0,  2,  Chief_Groplin_(Hunter)
P 375.7113, -662.3474, -38.5797,  0, 0, 0,  2,  Lieutenant_Arathur
P -409.1781, -1158.9222, -123.9767,  0, 0, 0,  2,  The_Great_Saprophyte
P -1224.2031, 524.0170, 132.9761,  0, 0, 0,  2,  Taskmaster_Torkazh
P -428.5289, 484.7093, 55.4597,  0, 0, 0,  2,  Harold_the_Herald
P -398.3757, 421.6045, 54.6958,  0, 0, 0,  2,  Royal_Guardian_of_Below
P -405.9139, 421.6253, 56.1030,  0, 0, 0,  2,  King_Gomklin_of_Below
P -412.8759, 423.0703, 56.0977,  0, 0, 0,  2,  King_Grery_of_Above
P -423.0250, 421.4592, 55.9788,  0, 0, 0,  2,  Royal_Guardian_of_Above
P -362.1059, 415.5243, 55.9493,  0, 0, 0,  2,  Court_Sage
P -388.2465, 470.2837, 54.5127,  0, 0, 0,  2,  Court_Jester
P -454.7699, 435.8290, 54.7940,  0, 0, 0,  2,  Polyona
P -243.3761, 699.3734, 31.0127,  0, 0, 0,  2,  Amscray_the_Historian
P -218.4000, 709.2424, 30.8310,  0, 0, 0,  2,  Crates_the_Philosopher
P -208.3760, 716.1954, 30.9449,  0, 0, 0,  2,  Guildmaster_Grobin
P -499.0612, 1388.8289, -40.1662,  0, 0, 0,  2,  Miner_Daven
P -224.1950, 1256.4644, -1.4782,  0, 0, 0,  2,  Crew_Chief_Doyle
P -204.2029, 1249.4897, -1.1047,  0, 0, 0,  2,  Miner_Dirkins
P -111.8862, 1156.7435, -2.5552,  0, 0, 0,  2,  Engineer_Palin
P -62.0476, -840.0851, -102.7229,  240, 240, 240,  2,  Needle_Cave
P -591.9570, -1003.5855, -128.8902,  240, 240, 240,  2,  Bogling_Cave
P 735.4447, -971.8923, -32.2685,  240, 240, 0,  2,  Secret_Door
P -287.8778, 1284.8508, -40.5228,  255, 255, 0,  2,  Elevator
P 800.0000, -840.0000, 0.0000,  255, 0, 0,  2,  Succor
P 50.4501, 1003.1703, -2.0141,  255, 0, 0,  3,  to_Shadow_Haven
P -1586.0000, 1765.0000, 124.6875,  255, 0, 0,  3,  to_The_Deep
P -1025.0000, -1145.0000, -126.4988,  255, 0, 0,  3,  to_The_Fungus_Grove
P 888.9078, -829.0808, -32.3738,  255, 0, 0,  3,  to_Shadow_Haven
