P -2355.0076, -1956.8612, 17.9621,  255, 0, 0,  3,  to_The_Twilight_Sea
P 1005.5858, 2094.9917, -311.9989,  255, 0, 0,  3,  to_Echo_Caverns
P 1005.0000, 2140.0000, 0.0000,  255, 0, 0,  2,  Succor
P 889.5038, 1273.0573, -288.0374,  255, 255, 255,  2,  Shadow_Haven_Outpost
P -462.0000, -32.0000, 0.0000,  255, 255, 255,  2,  Bandit_Camp
P 45.0000, -646.0000, 0.0000,  255, 255, 255,  2,  Mushroom_Huts
P 238.0000, -456.0000, 0.0000,  255, 255, 255,  2,  Bandit_Camp
P 206.0000, -354.0000, 0.0000,  255, 255, 255,  2,  Bandit_Camp
P 424.0000, -373.0000, 0.0000,  255, 255, 255,  2,  Tarmok_Village
P 613.0000, 169.0000, 0.0000,  255, 255, 255,  2,  Tarmok_Huts
P 451.0000, -234.0000, 0.0000,  255, 255, 255,  2,  Tarmok_Huts
P -463.0000, -276.0000, 0.0000,  255, 255, 255,  2,  Bandit_Camp
P 602.0000, 1008.0000, -281.9989,  255, 210, 0,  2,  Narvak_(Banker)
P -1361.2720, -2264.8123, -311.9971,  240, 240, 240,  2,  Shik`nar_Den
P -867.9584, -323.4995, -273.1315,  240, 240, 240,  2,  Glowater_Pond
