P 534.5458, 88.9855, -269.9977,  0, 0, 0,  2,  Galren_Fuzzytoes
P 867.7402, 379.7016, -262.9977,  0, 0, 0,  2,  Helga_Furrunner
P 1712.9547, 598.4883, 7.0019,  0, 0, 0,  2,  Yurddle_the_Caretaker
P 1766.0107, 444.4950, 0.0019,  240, 240, 0,  2,  TRAP:_Mob
P 1629.4080, 497.2688, 0.0019,  240, 240, 0,  2,  TRAP:_Mob
P 1366.2346, 396.5853, 0.0019,  240, 240, 0,  2,  TRAP:_Mob
P 1435.3386, 449.0086, 0.0019,  240, 240, 0,  2,  TRAP:_Mob
P 1580.0928, 393.2053, 0.0019,  240, 240, 0,  2,  TRAP:_Mob
P -17.0786, -186.2009, 66.2301,  0, 0, 0,  2,  Keylara_Abanjabi
P 25.2799, -203.1897, 66.0019,  0, 0, 0,  2,  Phenic_Dionicas
P -18.8768, -219.9594, 66.1983,  0, 0, 0,  2,  Klandar_Bronzebrow
P -216.2524, -242.5664, 66.0019,  0, 0, 0,  2,  Aerin_K`Vekn
P -246.6623, -248.6046, 66.0019,  0, 0, 0,  2,  Dralin_K`Vekn
P -249.5137, -297.0988, 66.0019,  0, 0, 0,  2,  Yalnin_K`Vekn
P 40.7533, 101.0211, 0.0019,  0, 0, 0,  2,  Rallic_Aristos
P 21.9594, 253.7867, 0.0019,  0, 0, 0,  2,  Dersino
P -11.9984, 277.7384, 0.0019,  0, 0, 0,  2,  Celris_Shadetracker
P -168.9835, 229.0199, 0.0019,  0, 0, 0,  2,  Roshawna_Rhorer
P -162.9234, 272.4435, 0.1268,  0, 0, 0,  2,  Broote_Malicus
P -196.0190, 255.0654, 0.0019,  0, 0, 0,  2,  Teepa_Berrytoe
P -161.9267, 113.6819, 0.0019,  0, 0, 0,  2,  Salic_Whispersong
P -144.8587, -252.4052, 0.0019,  0, 0, 0,  2,  Glixx_Tobbnokcog
P -28.4438, -288.7968, 0.0019,  0, 0, 0,  2,  Drenic_Garrison
P 32.4572, -278.6321, 0.0019,  0, 0, 0,  2,  Mehgyn_Garrison
P 42.1344, -144.3763, 0.0019,  0, 0, 0,  2,  Lizsa_Barleou
P -33.5551, -85.3388, 0.0019,  0, 0, 0,  2,  Yaeorat
P -8.2441, -129.2581, 0.0019,  0, 0, 0,  2,  Markil_Jurbac
P 271.1315, 656.2284, 0.0019,  0, 0, 0,  2,  Incantator_Teak_Firetree
P 247.1862, 719.6836, 0.0019,  0, 0, 0,  2,  Incantator_Yaln_Dilsm
P 219.4882, 975.2506, 0.0019,  0, 0, 0,  2,  Theurgus_Talsen_Farsky
P 267.5946, 997.3068, 0.0019,  0, 0, 0,  2,  Incantator_Waek_Kerrol
P 246.7753, 973.7276, 0.0019,  0, 0, 0,  2,  Zyriazil
P 249.5941, 950.2808, 0.0019,  0, 0, 0,  2,  Praecantor_Ury_Polaja
P -36.8941, 1014.5570, 0.0019,  0, 0, 0,  2,  Praecantor_Perph_Unja
P -71.0103, 975.2886, 0.0019,  0, 0, 0,  2,  Praecantor_Tes_Dawneyes
P -59.5425, 934.2823, 0.0019,  0, 0, 0,  2,  Praecantor_Torin_Jurbac
P -41.3470, 719.2796, 0.0019,  0, 0, 0,  2,  Theurgus_Dala_Abanjabi
P -88.6397, 689.4799, 0.0019,  0, 0, 0,  2,  Theurgus_Bella_Geerlok
P -41.4194, 653.5627, 0.0019,  0, 0, 0,  2,  Theurgus_Zral_Aristos
P 244.6975, -650.2332, 6.0019,  128, 0, 128,  2,  Loom
P 830.6550, -442.5529, 33.0019,  240, 127, 0,  2,  Nathyn_Illuminious_(Raid)
P 67.5252, 197.1126, 66.0018,  240, 127, 0,  2,  Lcea_Katta_(Raid)
P 41.3226, 714.2293, -268.9977,  0, 0, 0,  2,  Toktonn_Geerlok
P 197.6787, 745.7103, -268.9977,  0, 0, 0,  2,  Triblix_Tikbok
P 231.7822, 793.4301, -268.9977,  0, 0, 0,  2,  Zweeblok_Tiktokin
P 5.0472, 758.7611, -268.9977,  0, 0, 0,  2,  Librarian_Ezmerelda
P 1882.2294, 8.0981, 28.0019,  240, 240, 240,  2,  Guildmaster_Building
P 896.3192, -371.6986, -0.9979,  240, 240, 240,  2,  Nathan_Illuminious_Mansion
P 818.0682, -333.2121, 0.0019,  240, 240, 0,  2,  Fake_Wall
P 819.3739, -413.9835, 0.0019,  240, 240, 0,  2,  Fake_Wall
P 748.5046, -329.4599, 33.0019,  240, 240, 0,  2,  Locked_Door_(Pickable)
P 712.6345, -446.3407, 0.0019,  0, 0, 0,  2,  Melodei_Cruzsia
P 878.5645, 160.9489, -262.9977,  0, 0, 0,  2,  Mercutius_Rutledge
P 922.9663, 196.4157, -262.9977,  0, 0, 0,  2,  Jarin_Lorean
P 919.2775, 207.8128, -262.8733,  0, 0, 0,  2,  Miller
P 930.0909, 213.3628, -262.8964,  0, 0, 0,  2,  Arbogast
P 930.7705, 234.5895, -262.9977,  0, 0, 0,  2,  Danika_Farcloud
P 920.3097, 234.1043, -262.8683,  0, 0, 0,  2,  Yavik_Teralin
P 870.7034, 281.0625, -262.9977,  0, 0, 0,  2,  Georgette_Dawneyes
P 919.4646, 316.9262, -262.8683,  0, 0, 0,  2,  Borean_Soggybeard
P 930.8748, 340.0459, -262.9977,  0, 0, 0,  2,  Lyneea_Doyle
P 918.2791, 346.1251, -262.8684,  0, 0, 0,  2,  Olam_Polaja
P 867.7595, 246.1279, -262.9977,  0, 0, 0,  2,  Evonna_Songslinger
P 1564.4270, 173.6440, -269.9977,  0, 0, 0,  2,  Tack_Shieldson
P 1562.8127, 228.8263, -269.9977,  0, 0, 0,  2,  Rowle_Shieldson
P 1622.0048, 309.2217, -269.9977,  0, 0, 0,  2,  Berk_Thurstone
P 597.6867, 357.0250, -0.9979,  240, 240, 240,  2,  Midnight_Ceramics
P 597.4835, 178.8774, -0.9979,  240, 240, 240,  2,  Shotting_Stars_Archery
P 1324.8986, -312.3028, -0.9979,  240, 240, 240,  2,  Bread_Breakers_Baked_Goods
P 1563.2113, -68.0490, -0.9979,  240, 240, 240,  2,  Lightening_Blades_Smithy
P 1587.3802, 60.5218, -0.9979,  240, 240, 240,  2,  Second_Skin_Armory
P 931.0000, -158.0000, 0.0000,  255, 255, 255,  2,  Top_of_Ramp
P 910.7393, 276.2853, -262.9989,  255, 255, 255,  2,  Nectar_of_Unity
P 1135.0000, 208.0000, 0.0000,  255, 255, 255,  2,  Bottom_of_Ramp
P -150.0000, -130.0000, 0.0009,  0, 0, 0,  2,  Elnerick_Augustleaf
P 671.9798, 310.7335, 6.0009,  128, 0, 128,  2,  Pottery_Wheel
P 865.6810, 302.2144, -262.9750,  128, 0, 128,  2,  Brew_Barrel
P 685.7826, 334.2612, 6.0009,  128, 0, 128,  2,  Kiln
P 1543.2482, -18.4215, 6.0009,  128, 0, 128,  2,  Forge
P 1540.5402, 42.4435, 6.0009,  128, 0, 128,  2,  Forge
P 1313.6885, -296.8125, 6.0009,  128, 0, 128,  2,  Oven
P 545.0000, -645.0000, 0.0000,  240, 0, 0,  2,  Succor
P 972.0000, 1763.4252, -269.9977,  255, 0, 0,  3,  to_The_Twilight_Sea
P 654.8134, -693.3581, -0.9989,  255, 0, 0,  3,  to_The_Tenebrous_Mountains
