P 640.0000, 1450.0000, 0.0000,  255, 0, 0,  3,  to_Marus_Seru
P 100.0000, -1350.0000, 0.0000,  255, 0, 0,  3,  to_The_Grey
P 623.0000, 1249.0000, 0.0000,  255, 0, 0,  2,  Succor
P -33.0000, 1018.0000, 29.0000,  240, 240, 240,  2,  Thoughleech_Cave
P -253.0000, -541.0000, -92.0000,  240, 240, 0,  2,  Cave_Entrance
P -330.0000, -240.0000, -53.0000,  240, 240, 240,  2,  The_Spires
P -399.0000, -460.0000, 201.0000,  0, 0, 0,  2,  The_Spire_Lord
P 1275.0000, -824.0000, -1.0000,  0, 0, 0,  2,  Drema_Young
P -201.4496, 702.0234, -2.4375,  0, 0, 0,  2,  A_Stonegrabber_of_Growth
P -204.0000, 2288.0000, -224.0000,  0, 0, 0,  2,  A_Corrupted_Hivemistress
P -264.0000, 2252.0000, -236.0000,  0, 0, 0,  2,  A_Greater_Horror
P 238.3499, -814.7412, -55.7815,  0, 0, 0,  2,  A_Imploded__Stonegrabber
