P 617.5097, -777.8184, 151.5956,  240, 240, 240,  2,  Temple_of_the_Sun
P -435.0000, 1979.0000, -45.0000,  127, 64, 0,  2,  Bloodtribe_Sneakster_(Hunter)
P -1542.0000, 703.0000, -38.7090,  127, 64, 0,  2,  Bloodtribe_Sneakster_(Hunter)
P 1007.0000, -594.0000, 163.0814,  127, 64, 0,  2,  Sunlord_Wedazi_(Hunter)
P 59.0000, -986.0000, 25.0000,  127, 64, 0,  2,  Kraen_Flameweaver_(Hunter)
P -6061.0000, -3371.0000, -235.0000,  127, 64, 0,  2,  Bloodtribe_Agitator_(Hunter,Roam)
P -1422.0000, -1635.0000, -3.0000,  127, 64, 0,  2,  Sectoid_(Hunter)
P -243.0000, -788.0000, 275.0000,  127, 64, 0,  2,  Kraen_Flameweaver_(Hunter)
P -2394.5950, -2299.3311, -185.7882,  127, 64, 0,  2,  Bloodtribe_Ancient_(Hunter)
P 1126.0000, -739.0000, 154.0000,  0, 0, 0,  2,  Knight_of_the_Dread_Sun
P 1736.0000, 1472.0000, -51.0000,  240, 240, 240,  2,  Vas_Ren_Camp
P 1732.0000, 1708.0000, -49.0000,  240, 240, 240,  2,  Grol_Baku_Camp
P -119.0000, 1770.0000, -47.0000,  240, 240, 240,  2,  Grol_Baku_Camp
P -503.0000, 1397.0000, -40.0000,  240, 240, 240,  2,  Bloodtribe_Cave
P -886.0000, 1648.0000, -36.0000,  240, 240, 240,  2,  Sun_Revenant_Camp
P -1502.0000, 1866.0000, -42.0000,  240, 240, 240,  2,  Bloodtribe_Cave
P -1519.0000, 152.0000, -40.0000,  240, 240, 240,  2,  Sun_Revenant_Camp
P -1438.0000, -1722.0000, -97.0000,  240, 240, 240,  2,  Bloodtribe_Cave
P -667.0000, -1824.0000, -37.0000,  240, 240, 240,  2,  Bloodtribe_Cave
P -63.0000, -1828.0000, -38.0000,  240, 240, 240,  2,  Bloodtribe_Cave
P 1298.0000, -1595.0000, -56.0000,  240, 240, 240,  2,  Grol_Baku_Cave
P 1678.0000, 1054.0000, 0.0000,  255, 0, 0,  2,  Succor
P 1800.0000, 1110.0000, -102.0000,  255, 0, 0,  3,  to_The_Twilight_Sea
P -1928.0000, -720.0000, -43.0000,  255, 0, 0,  3,  to_The_Grey
P 484.0000, -2274.0000, 6.0000,  255, 0, 0,  3,  to_Grieg`s_End
