P -2919.6013, -2428.9492, 170.4518,  0, 0, 0,  3,  HEY_LOOK_THE_DRAGON_GLOBE_NOBODY_COULD_EVER_FIND!!
P 3569.0813, 2187.1680, -121.1535,  0, 0, 0,  3,  OH_LOOK_A_DRAGON_GLOBE!!
P -2704.8960, 3199.2842, -171.7489,  255, 0, 0,  2,  Druid_Port
P 4304.7251, 1147.3062, 36.1571,  255, 0, 0,  3,  to_The_Overthere
P -1774.1154, 5722.4795, -163.7801,  255, 0, 0,  3,  to_The_Burning_Woods
P -2985.8152, -2801.0503, -80.8175,  255, 0, 0,  3,  to_Veeshan`s_Peak
P -865.0000, 2993.0000, 0.0000,  255, 0, 0,  2,  Wizard_Port
P 4286.0000, 1140.0000, 36.1571,  240, 0, 0,  2,  Succor
P -657.1594, -202.3361, -192.2437,  0, 0, 240,  1,  GS:_Skyfire_Pumice
P 1466.2802, -895.4007, 158.1280,  0, 0, 240,  1,  GS:_Fusible_Igneous_Ore
P 1208.4359, -1538.1984, 109.2890,  0, 0, 240,  1,  GS:_Fusable_Igneous_Ore
P 3469.8440, -3029.1121, -150.9567,  0, 0, 240,  1,  GS:_Golden_Dagger
P -752.3198, 3102.1309, -160.9698,  240, 240, 240,  2,  Skyfire_Mountains_Dragon_Circle
P -3681.0000, 2443.0000, 0.0000,  255, 255, 0,  2,  Path_out_of_canyon
P -1554.9261, 2097.9097, 134.4178,  240, 240, 240,  2,  Giant_Caldera
P -2978.5603, -2659.2708, -79.5124,  127, 64, 0,  2,  Dry_Sapara
P -1710.2318, 5236.0591, -161.6605,  0, 0, 0,  2,  Mistellgone_Eshaan
P -449.7684, 2782.0225, -140.0673,  0, 0, 0,  2,  Vellendoor_Dumont
P 186.7303, 744.1303, -155.3769,  0, 0, 0,  2,  Nightwing_(Roam)
P -61.5404, 2177.3472, -164.4061,  0, 0, 0,  2,  Jennus_Lyklobar_(Roam)
P -2820.1746, 3360.5686, -149.3289,  0, 0, 0,  2,  Brynnellen_Slynn
P -1878.0000, 975.0000, -292.0000,  240, 127, 0,  2,  Talendor_(Raid)
P 3223.0164, -3008.0933, -151.3351,  0, 0, 0,  2,  Warder_Cecilia
P 3456.9124, -2983.3125, -150.9567,  0, 0, 0,  2,  Druania_Sharen
P -985.8620, 3027.2847, -171.7478,  240, 240, 240,  2,  Dragon_Graveyard
P -2729.4929, 3248.4658, -157.4504,  0, 0, 0,  3,  OH_LOOK_A_DRAGON_GLOBE!!!
P 3364.8132, -3082.2073, -150.5449,  0, 0, 0,  3,  OH_LOOK_A_DRAGON_GLOBE!!
