P -604.2867, 280.6505, 144.5018,  240, 240, 240,  2,  Treasure_Room
P -592.3009, 487.2251, -248.9978,  0, 0, 0,  2,  Taskmaster_Zerumaz
P -382.6750, 480.6065, -248.9978,  0, 0, 0,  2,  Taskmaster_Mikazha
P 131.2293, 482.6382, -248.9978,  0, 0, 0,  2,  Taskmaster_Kavamezh
P -131.6234, 490.1463, -248.9978,  0, 0, 0,  2,  Taskmaster_Keuzozh
P -128.9919, 335.7497, -259.9977,  0, 0, 0,  2,  Warden_Mekuzh
P -137.8831, -13.7980, -259.9977,  0, 0, 0,  2,  Taskmaster_Vezhkah_(Roam)
P 125.4606, -529.8946, -259.4978,  0, 0, 0,  2,  Elder_Glanoxx
P 212.4261, 154.2589, -186.7389,  0, 0, 0,  2,  Rhozth_Ssravich
P 127.8337, -480.4810, -259.9977,  0, 0, 0,  2,  Taskmaster_Zhe`Vozh
P -668.3960, -483.6781, -259.9977,  0, 0, 0,  2,  Taskmaster_Revan`Kezh
P -625.0000, 260.0000, 150.0000,  0, 0, 0,  2,  Rhag`Mozdezh
P 212.9536, -135.7905, -186.7901,  0, 0, 0,  2,  Rhozth_Ssrakezh
P -550.0000, 375.0000, 0.0000,  0, 0, 0,  2,  Rhag`Zhezum
P -262.1319, -406.1537, -253.3940,  240, 240, 240,  2,  Well
P -547.6933, 253.6380, -5.9979,  240, 240, 0,  2,  Fake_Wall
P -891.9282, 325.2625, 399.5017,  240, 240, 240,  2,  Emperor_Room
P -622.1197, 324.0910, 400.0017,  240, 240, 0,  2,  Emperor_Portal_(one-way_from_source)
P -234.8220, 861.4101, 280.6953,  240, 240, 0,  2,  Portal_to_Emperor
P -233.8951, 677.5998, 266.0017,  240, 240, 0,  2,  Locked_Door_(210_Pickable)
P -237.1105, 561.2041, 266.0017,  240, 240, 0,  2,  Locked_Door_(210_Pickable)
P -224.6144, 447.5077, 144.5285,  240, 240, 0,  2,  no_tube_entrance_on_Second_Floor
P -235.7667, 449.8905, 22.7353,  240, 240, 0,  2,  to_Third_Floor
P -235.0744, 308.3920, 8.0019,  240, 240, 0,  2,  Fake_Wall
P 0.0000, 450.0000, 150.0000,  240, 240, 0,  2,  to_First_Floor
P -236.1656, -190.2243, 139.5613,  240, 240, 0,  2,  to_First_Floor
P -100.0000, 200.0000, 150.0000,  240, 240, 0,  2,  to_Third_Floor
P -625.0000, -220.0000, 150.0000,  240, 240, 0,  2,  to_Third_Floor
P -100.0000, 200.0000, 250.0000,  240, 240, 0,  2,  to_Second_Floor
P -625.0000, -220.0000, 250.0000,  240, 240, 0,  2,  to_Second_Floor
P -415.2939, -186.6459, 255.0017,  240, 240, 0,  2,  Trap
P -425.9848, -186.9565, 255.0016,  240, 240, 0,  2,  Trap
P -341.5271, -40.0607, 247.5018,  240, 240, 0,  2,  Trap
P -209.2599, 7.8263, 247.5018,  240, 240, 240,  2,  Jail_Cells
P -74.8030, -3.0344, 247.5018,  240, 240, 0,  2,  Trap
P -75.5482, -33.3644, 247.5018,  240, 240, 0,  2,  Trap
P -76.5162, 39.3592, 247.5018,  240, 240, 0,  2,  Trap
P -368.0025, -3.9648, 129.0018,  240, 240, 0,  2,  Fake_Wall
P 374.0000, 946.0000, -259.9968,  240, 240, 0,  2,  Click_rock_wall_to_enter_basement
P -569.8767, 10.7999, 6.4070,  255, 255, 0,  2,  to_Basement
P -512.3942, 11.3950, -250.9978,  255, 255, 0,  2,  to_First_Floor
P 0.0000, 450.0000, 0.0000,  255, 255, 0,  2,  to_Second_Floor
P -250.0000, -250.0000, 0.0000,  255, 255, 0,  2,  to_Second_Floor
P -517.4329, -220.6570, 129.0018,  255, 255, 0,  2,  Locked_Door_(210_Picklock,Zazuzh_Key)
P -78.3597, 42.8019, 129.0018,  255, 255, 0,  2,  Locked_Door_(210_Picklock,Zherozsh_Key)
P 137.6529, -241.5490, -226.9979,  255, 255, 0,  2,  Locked_Door_(210_Picklock)
P -350.0000, 200.0000, 0.0000,  255, 255, 0,  2,  Locked_Door_(210_Picklock)
P -234.3993, 298.8718, 8.0019,  255, 255, 0,  2,  Locked_Door_(210_Picklock)
P -323.7170, 129.5183, -7.9979,  255, 255, 0,  2,  Trap
P 290.0434, 538.2909, -259.9978,  128, 0, 128,  2,  Forge
P -0.0000, -0.0000, 1.8125,  240, 0, 0,  2,  Succor
P 500.0000, 900.0000, -259.0000,  255, 0, 0,  3,  to_The_Deep
P 16.0000, 45.0000, 0.0000,  255, 0, 0,  3,  to_The_Grey
