P 1387.6824, -627.9762, 312.6300,  127, 64, 0,  2,  Heratius_Grolden_(Hunter)
P 1102.9821, -544.0460, 13.0128,  127, 64, 0,  2,  Xenithen_Sterbla_(Hunter,Roam)
P 1253.1929, -641.5621, 314.1896,  127, 64, 0,  2,  Trilexior_Aeridia_(Hunter,Roam)
P 1263.0000, 1126.8750, 74.7961,  127, 64, 0,  2,  Skyshadow_(Hunter,Roam)
P 1364.1646, -574.5152, 140.5785,  127, 64, 0,  2,  Renaldok_Masric_(Hunter)
P 53.2410, -1328.3545, 155.7797,  127, 64, 0,  2,  a_meeda_hune_warlord_(Hunter,Roam)
P -1380.8004, -1182.7112, 119.8476,  127, 64, 0,  2,  a_grol_baku_warlord_(Hunter)
P -254.0000, 1858.0000, -56.1865,  127, 64, 0,  2,  a_grimling_foreman_(Hunter)
P 1327.7294, -510.8649, 140.5806,  127, 64, 0,  2,  Gorelaz_Verilak_(Hunter,Roam)
P 1342.0000, -618.0000, 139.0000,  127, 64, 0,  2,  Emissary_Oomgado_(Hunter)
P -565.1552, 1411.1658, 62.5601,  127, 64, 0,  2,  a_cral_ligi_warlord_(Hunter,Roam)
P 1415.8723, -556.6970, 319.8676,  240, 127, 0,  2,  Valdanov_Zevfeer_(Raid)
P -1585.6448, -1360.6573, -35.8375,  0, 0, 0,  2,  Bedlavar
P -567.7924, -1496.3229, -54.6420,  0, 0, 0,  2,  Drovalak
P -666.6569, -1497.3206, -48.8380,  0, 0, 0,  2,  Galinious
P 303.6184, -1383.5253, -24.6380,  0, 0, 0,  2,  Krelices
P 1527.7935, 683.5015, -38.1462,  0, 0, 0,  2,  Tymoz
P 1417.0812, 665.5678, -37.5912,  0, 0, 0,  2,  Kristov_Otto
P 404.5898, -1479.6667, -23.9941,  0, 0, 0,  2,  Yaroslav_Verilak
P 419.5146, -1422.6768, -23.9944,  0, 0, 0,  2,  Veynar_Aeridia
P 366.0000, -1365.0000, 0.0000,  255, 255, 255,  2,  Coterie_outpost
P 1126.0000, -345.0000, 0.0000,  255, 255, 255,  2,  Vampyre_Fortress
P 1463.0000, 627.0000, 0.0000,  255, 255, 255,  2,  Coterie_outpost
P -853.0000, 1637.0000, 0.0000,  255, 255, 255,  2,  Grimling_caves
P -1521.0000, -1361.0000, 0.0000,  255, 255, 255,  2,  Coterie_outpost
P -646.0000, -1454.0000, 0.0000,  255, 255, 255,  2,  Coterie_outpost
P -1810.0000, -55.0000, 0.0000,  255, 0, 0,  2,  Succor
P -1849.0000, 66.0000, -39.7489,  255, 0, 0,  3,  to_Katta_Castellum
P 1144.0000, 1773.0000, -24.2706,  255, 0, 0,  3,  to_Grimling_Forest
P -11.2908, -1306.7791, 121.0676,  127, 64, 0,  2,  Skyshadow_(Hunter)
