L 57.3000, 138.5000, 27.7000,  45.5000, 142.1000, 27.0000,  0, 0, 0
L 45.5000, 142.1000, 27.0000,  39.6000, 154.2000, 27.0000,  0, 0, 0
L 39.6000, 154.2000, 27.0000,  40.9000, 166.0000, 27.0000,  0, 0, 0
L 40.9000, 166.0000, 27.0000,  45.8000, 174.2000, 27.0000,  0, 0, 0
L 45.8000, 174.2000, 27.0000,  50.7000, 186.5000, 27.0000,  0, 0, 0
L 50.7000, 186.5000, 27.0000,  63.9000, 189.0000, 27.0000,  0, 0, 0
L 63.9000, 189.0000, 27.0000,  82.0000, 188.0000, 27.0000,  0, 0, 0
L 82.0000, 188.0000, 27.0000,  93.1000, 179.5000, 27.0000,  0, 0, 0
L 93.1000, 179.5000, 27.0000,  107.9000, 171.6000, 27.0000,  0, 0, 0
L 107.9000, 171.6000, 27.0000,  113.4000, 159.1000, 27.0000,  0, 0, 0
L 113.4000, 159.1000, 27.0000,  110.6000, 145.6000, 27.0000,  0, 0, 0
L 110.6000, 145.6000, 27.0000,  110.2000, 135.5000, 27.0000,  0, 0, 0
L 110.2000, 135.5000, 27.0000,  98.9000, 125.8000, 27.0000,  0, 0, 0
L 98.9000, 125.8000, 27.0000,  84.2000, 120.7000, 27.0000,  0, 0, 0
L 84.2000, 120.7000, 27.0000,  72.3000, 129.9000, 27.7000,  0, 0, 0
L 72.3000, 129.9000, 27.7000,  59.6000, 116.7000, 23.0000,  0, 0, 0
L 59.6000, 116.7000, 23.0000,  50.3000, 112.3000, 21.5000,  0, 0, 0
L 50.3000, 112.3000, 21.5000,  42.3000, 103.7000, 19.5000,  0, 0, 0
L 42.3000, 103.7000, 19.5000,  32.8000, 98.7000, 14.5000,  0, 0, 0
L 32.8000, 98.7000, 14.5000,  19.4000, 83.5000, -5.2000,  0, 0, 0
L 27.5000, 73.0000, -4.5000,  19.4000, 83.5000, -5.2000,  0, 0, 0
L 27.5000, 73.0000, -4.5000,  61.4000, 47.7000, -0.3000,  0, 0, 0
L 61.4000, 47.7000, -0.3000,  81.6000, 64.1000, -1.5000,  0, 0, 0
L 81.6000, 64.1000, -1.5000,  91.6000, 60.8000, -1.4000,  0, 0, 0
L 91.6000, 60.8000, -1.4000,  114.7000, 40.6000, -1.4000,  0, 0, 0
L 114.7000, 40.6000, -1.4000,  129.1000, 8.5000, -1.4000,  0, 0, 0
L 129.1000, 8.5000, -1.4000,  134.4000, -16.0000, -1.6000,  0, 0, 0
L 134.4000, -16.0000, -1.6000,  135.2000, -36.9000, -2.0000,  0, 0, 0
L 135.2000, -36.9000, -2.0000,  129.2000, -57.0000, -0.5000,  0, 0, 0
L 129.2000, -57.0000, -0.5000,  123.0000, -66.9000, -0.3000,  0, 0, 0
L 123.0000, -66.9000, -0.3000,  109.3000, -67.3000, -0.1000,  0, 0, 0
L 109.3000, -67.3000, -0.1000,  84.4000, -60.1000, -1.4000,  0, 0, 0
L 84.4000, -60.1000, -1.4000,  82.9000, -66.5000, -5.7000,  0, 0, 0
L 82.9000, -66.5000, -5.7000,  74.7000, -83.6000, -4.8000,  0, 0, 0
L 74.7000, -83.6000, -4.8000,  88.5000, -96.9000, -3.6000,  0, 0, 0
L 88.5000, -96.9000, -3.6000,  95.4000, -106.9000, -2.7000,  0, 0, 0
L 95.4000, -106.9000, -2.7000,  83.6000, -121.4000, -0.9000,  0, 0, 0
L 83.6000, -121.4000, -0.9000,  68.4000, -130.7000, -0.4000,  0, 0, 0
L 68.4000, -130.7000, -0.4000,  59.7000, -134.2000, -0.4000,  0, 0, 0
L 59.7000, -134.2000, -0.4000,  47.0000, -132.1000, -0.6000,  0, 0, 0
L 47.0000, -132.1000, -0.6000,  37.3000, -118.1000, -2.4000,  0, 0, 0
L 37.3000, -118.1000, -2.4000,  28.6000, -106.7000, -6.3000,  0, 0, 0
L 28.6000, -106.7000, -6.3000,  -6.5000, -103.7000, -0.7000,  0, 0, 0
L -6.5000, -103.7000, -0.7000,  -12.7000, -114.4000, 0.3000,  0, 0, 0
L -12.7000, -114.4000, 0.3000,  -19.7000, -122.9000, 1.6000,  0, 0, 0
L -19.7000, -122.9000, 1.6000,  -23.2000, -126.6000, 3.1000,  0, 0, 0
L -41.1000, -126.9000, 0.4000,  -53.0000, -120.7000, 0.4000,  0, 0, 0
L -53.0000, -120.7000, 0.4000,  -58.1000, -114.2000, 0.3000,  0, 0, 0
L -58.1000, -114.2000, 0.3000,  -59.1000, -111.0000, 3.1000,  0, 0, 0
L 56.9000, 138.0000, 27.6000,  45.5000, 127.0000, 23.6000,  0, 0, 0
L 45.5000, 127.0000, 23.6000,  39.1000, 118.8000, 20.4000,  0, 0, 0
L 39.1000, 118.8000, 20.4000,  29.6000, 113.0000, 17.0000,  0, 0, 0
L 29.6000, 113.0000, 17.0000,  22.8000, 107.3000, 14.1000,  0, 0, 0
L 22.8000, 107.3000, 14.1000,  19.8000, 105.8000, 12.1000,  0, 0, 0
L 19.8000, 105.8000, 12.1000,  10.6000, 94.8000, 9.8000,  0, 0, 0
L 10.6000, 94.8000, 9.8000,  4.2000, 82.8000, 5.8000,  0, 0, 0
L 4.2000, 82.8000, 5.8000,  -6.7000, 77.6000, -3.8000,  0, 0, 0
L -6.7000, 77.6000, -3.8000,  -28.9000, 67.8000, -5.5000,  0, 0, 0
L -28.9000, 67.8000, -5.5000,  -42.7000, 62.2000, -4.5000,  0, 0, 0
L -42.7000, 62.2000, -4.5000,  -55.4000, 61.7000, -4.2000,  0, 0, 0
L -55.4000, 61.7000, -4.2000,  -61.3000, 59.2000, -3.5000,  0, 0, 0
L -61.3000, 59.2000, -3.5000,  -81.4000, 79.9000, -3.2000,  0, 0, 0
L -81.4000, 79.9000, -3.2000,  -94.7000, 74.5000, -2.8000,  0, 0, 0
L -94.7000, 74.5000, -2.8000,  -105.8000, 60.1000, -2.8000,  0, 0, 0
L -105.8000, 60.1000, -2.8000,  -110.2000, 49.5000, -2.5000,  0, 0, 0
L -110.2000, 49.5000, -2.5000,  -104.5000, 40.6000, -2.5000,  0, 0, 0
L -104.5000, 40.6000, -2.5000,  -86.5000, 28.0000, -4.2000,  0, 0, 0
L -86.5000, 28.0000, -4.2000,  -89.6000, 12.6000, -4.4000,  0, 0, 0
L -89.6000, 12.6000, -4.4000,  -81.6000, -17.6000, -4.3000,  0, 0, 0
L -81.6000, -17.6000, -4.3000,  -72.8000, -33.1000, -2.7000,  0, 0, 0
L -72.8000, -33.1000, -2.7000,  -85.2000, -37.0000, 0.4000,  0, 0, 0
L -85.2000, -37.0000, 0.4000,  -94.9000, -39.6000, -2.2000,  0, 0, 0
L -94.9000, -39.6000, -2.2000,  -102.9000, -46.1000, -1.2000,  0, 0, 0
L -102.9000, -46.1000, -1.2000,  -101.5000, -56.6000, -1.1000,  0, 0, 0
L -101.5000, -56.6000, -1.1000,  -96.1000, -68.4000, -1.4000,  0, 0, 0
L -84.1000, -78.8000, -1.7000,  -62.1000, -70.4000, -2.1000,  0, 0, 0
L -62.1000, -70.4000, -2.1000,  -57.5000, -78.1000, -4.9000,  0, 0, 0
L -57.5000, -78.1000, -4.9000,  -45.6000, -81.8000, -3.0000,  0, 0, 0
L -56.0000, -107.0000, 3.1000,  -59.1000, -111.0000, 3.1000,  0, 0, 0
L -59.1000, -111.0000, 3.1000,  -45.6000, -116.9000, 3.1000,  0, 0, 0
L -23.7000, -126.4000, 3.1000,  -23.8000, -120.3000, 3.1000,  0, 0, 0
L -23.8000, -120.3000, 3.1000,  -29.8000, -117.8000, 3.3000,  0, 0, 0
L -43.4000, -112.2000, 3.9000,  -45.6000, -116.9000, 3.1000,  0, 0, 0
L -31.6000, -123.0000, 3.1000,  -29.8000, -117.8000, 3.3000,  0, 0, 0
L -39.6000, -82.1000, -1.2000,  -32.2000, -84.9000, -0.5000,  150, 150, 150
L -32.2000, -84.9000, -0.5000,  -26.2000, -84.5000, -1.6000,  150, 150, 150
L -26.2000, -84.5000, -1.6000,  -21.1000, -89.9000, 0.0000,  150, 150, 150
L -21.1000, -89.9000, 0.0000,  -16.1000, -89.8000, -1.5000,  150, 150, 150
L -16.1000, -89.8000, -1.5000,  -13.5000, -94.0000, -0.4000,  150, 150, 150
L -13.5000, -94.0000, -0.4000,  -14.3000, -95.7000, 0.1000,  150, 150, 150
L -14.3000, -95.7000, 0.1000,  -22.0000, -95.8000, 1.0000,  150, 150, 150
L -22.0000, -95.8000, 1.0000,  -27.4000, -90.2000, 1.1000,  150, 150, 150
L -27.4000, -90.2000, 1.1000,  -34.0000, -87.2000, 1.0000,  150, 150, 150
L -34.0000, -87.2000, 1.0000,  -42.2000, -86.1000, 1.1000,  150, 150, 150
L -42.2000, -86.1000, 1.1000,  -43.0000, -86.1000, 1.1000,  150, 150, 150
L -43.0000, -86.1000, 1.1000,  -43.2000, -88.9000, 2.1000,  150, 150, 150
L -43.2000, -88.9000, 2.1000,  -36.1000, -92.9000, 2.1000,  150, 150, 150
L -36.1000, -92.9000, 2.1000,  -29.8000, -93.9000, 2.1000,  150, 150, 150
L -29.8000, -93.9000, 2.1000,  -26.8000, -98.5000, 2.1000,  150, 150, 150
L -26.8000, -98.5000, 2.1000,  -19.7000, -101.5000, 2.1000,  150, 150, 150
L -19.7000, -101.5000, 2.1000,  -15.2000, -101.1000, 1.1000,  150, 150, 150
L -15.2000, -101.1000, 1.1000,  -13.6000, -99.6000, 2.1000,  150, 150, 150
L -13.6000, -99.6000, 2.1000,  -13.3000, -102.7000, 3.1000,  150, 150, 150
L -13.3000, -102.7000, 3.1000,  -15.8000, -104.6000, 3.1000,  150, 150, 150
L -15.8000, -104.6000, 3.1000,  -19.5000, -104.8000, 3.1000,  150, 150, 150
L -19.5000, -104.8000, 3.1000,  -27.5000, -102.5000, 3.1000,  150, 150, 150
L -27.5000, -102.5000, 3.1000,  -32.6000, -97.2000, 3.1000,  150, 150, 150
L -32.6000, -97.2000, 3.1000,  -38.5000, -97.5000, 3.1000,  150, 150, 150
L -38.5000, -97.5000, 3.1000,  -45.9000, -91.4000, 3.1000,  150, 150, 150
L -45.9000, -91.4000, 3.1000,  -46.0000, -88.4000, 3.0000,  150, 150, 150
L -46.0000, -88.4000, 3.0000,  -52.2000, -95.5000, 3.1000,  150, 150, 150
L -52.2000, -95.5000, 3.1000,  -55.0000, -105.7000, 3.1000,  150, 150, 150
L -55.0000, -105.7000, 3.1000,  -59.1000, -111.0000, 3.1000,  150, 150, 150
L -59.1000, -111.0000, 3.1000,  -44.6000, -123.6000, 3.1000,  150, 150, 150
L -44.6000, -123.6000, 3.1000,  -37.1000, -124.0000, 3.1000,  150, 150, 150
L -37.1000, -124.0000, 3.1000,  -30.9000, -128.7000, 3.1000,  150, 150, 150
L -30.9000, -128.7000, 3.1000,  -23.2000, -126.6000, 3.1000,  0, 0, 0
L -23.2000, -126.6000, 3.1000,  -20.9000, -121.1000, 3.0000,  150, 150, 150
L -20.9000, -121.1000, 3.0000,  -14.1000, -111.3000, 3.1000,  150, 150, 150
L -14.1000, -111.3000, 3.1000,  -13.3000, -102.7000, 3.1000,  150, 150, 150
L 86.3000, -6.6000, 0.8000,  89.3000, -4.3000, 2.7000,  150, 150, 150
L 91.7000, 0.7000, 3.7000,  92.6000, 4.1000, 3.7000,  150, 150, 150
L 92.6000, 4.1000, 3.7000,  91.4000, 7.3000, 3.7000,  150, 150, 150
L 91.4000, 7.3000, 3.7000,  88.0000, 8.4000, 3.7000,  150, 150, 150
L 88.0000, 8.4000, 3.7000,  83.1000, 15.8000, 3.7000,  150, 150, 150
L 83.1000, 15.8000, 3.7000,  68.9000, 27.3000, 3.7000,  150, 150, 150
L 68.9000, 27.3000, 3.7000,  65.6000, 25.9000, 2.7000,  150, 150, 150
L 65.6000, 25.9000, 2.7000,  80.2000, 13.5000, 2.7000,  150, 150, 150
L 80.2000, 13.5000, 2.7000,  84.5000, 7.5000, 2.7000,  150, 150, 150
L 84.5000, 7.5000, 2.7000,  82.0000, 5.0000, 1.7000,  150, 150, 150
L 82.0000, 5.0000, 1.7000,  77.5000, 11.8000, 1.7000,  150, 150, 150
L 77.5000, 11.8000, 1.7000,  63.7000, 23.3000, 1.7000,  150, 150, 150
L 72.8000, 28.7000, 4.7000,  85.6000, 17.6000, 4.7000,  150, 150, 150
L 85.6000, 17.6000, 4.7000,  94.1000, 4.5000, 4.7000,  150, 150, 150
L 96.6000, 6.3000, 5.7000,  88.2000, 20.0000, 5.7000,  150, 150, 150
L 88.2000, 20.0000, 5.7000,  76.7000, 29.3000, 5.7000,  150, 150, 150
L 76.7000, 29.3000, 5.7000,  81.9000, 32.2000, 5.7000,  150, 150, 150
L 81.9000, 32.2000, 5.7000,  85.4000, 37.1000, 5.7000,  150, 150, 150
L 85.4000, 37.1000, 5.7000,  82.1000, 45.2000, 5.7000,  150, 150, 150
L 82.1000, 45.2000, 5.7000,  89.4000, 53.8000, 5.7000,  150, 150, 150
L 89.4000, 53.8000, 5.7000,  108.7000, 38.0000, 5.7000,  150, 150, 150
L 108.7000, 38.0000, 5.7000,  122.0000, 16.0000, 5.6000,  150, 150, 150
L 122.0000, 16.0000, 5.6000,  128.0000, -8.3000, 5.7000,  150, 150, 150
L 128.0000, -8.3000, 5.7000,  126.4000, -33.1000, 5.7000,  150, 150, 150
L 126.4000, -33.1000, 5.7000,  116.9000, -57.0000, 5.7000,  150, 150, 150
L 39.7000, -99.2000, -0.4000,  38.8000, -96.3000, -1.4000,  150, 150, 150
L 38.8000, -96.3000, -1.4000,  39.4000, -91.9000, -2.2000,  150, 150, 150
L 39.4000, -91.9000, -2.2000,  46.2000, -91.2000, -2.3000,  150, 150, 150
L 46.2000, -91.2000, -2.3000,  52.9000, -87.2000, -2.3000,  150, 150, 150
L 52.9000, -87.2000, -2.3000,  57.9000, -87.1000, -2.2000,  150, 150, 150
L 57.9000, -87.1000, -2.2000,  64.0000, -84.5000, -2.1000,  150, 150, 150
L 64.0000, -84.5000, -2.1000,  66.1000, -86.4000, -0.4000,  150, 150, 150
L 66.1000, -86.4000, -0.4000,  57.8000, -90.2000, -0.4000,  150, 150, 150
L 57.8000, -90.2000, -0.4000,  51.4000, -91.0000, -0.4000,  150, 150, 150
L 51.4000, -91.0000, -0.4000,  47.0000, -95.6000, -0.4000,  150, 150, 150
L 47.0000, -95.6000, -0.4000,  39.7000, -99.2000, -0.4000,  150, 150, 150
L 39.7000, -99.2000, -0.4000,  39.1000, -102.3000, 0.6000,  150, 150, 150
L 39.1000, -102.3000, 0.6000,  41.1000, -103.6000, 0.6000,  150, 150, 150
L 41.1000, -103.6000, 0.6000,  44.0000, -102.0000, 0.6000,  150, 150, 150
L 44.0000, -102.0000, 0.6000,  50.5000, -100.3000, 0.6000,  150, 150, 150
L 50.5000, -100.3000, 0.6000,  54.0000, -94.8000, 0.6000,  150, 150, 150
L 54.0000, -94.8000, 0.6000,  59.4000, -93.7000, 0.4000,  150, 150, 150
L 59.4000, -93.7000, 0.4000,  67.7000, -89.6000, 0.6000,  150, 150, 150
L 67.7000, -89.6000, 0.6000,  67.6000, -86.4000, 0.6000,  150, 150, 150
L 67.6000, -86.4000, 0.6000,  70.7000, -88.1000, 1.6000,  150, 150, 150
L 70.7000, -88.1000, 1.6000,  70.7000, -91.1000, 1.6000,  150, 150, 150
L 70.7000, -91.1000, 1.6000,  60.5000, -95.5000, 1.6000,  150, 150, 150
L 60.5000, -95.5000, 1.6000,  57.7000, -101.0000, 1.4000,  150, 150, 150
L 57.7000, -101.0000, 1.4000,  51.7000, -102.4000, 1.5000,  150, 150, 150
L 51.7000, -102.4000, 1.5000,  46.6000, -106.3000, 1.5000,  150, 150, 150
L 46.6000, -106.3000, 1.5000,  39.3000, -105.9000, 1.6000,  150, 150, 150
L 39.3000, -105.9000, 1.6000,  41.5000, -115.5000, 1.6000,  150, 150, 150
L 41.5000, -115.5000, 1.6000,  48.1000, -127.4000, 2.7000,  150, 150, 150
L 48.1000, -127.4000, 2.7000,  51.5000, -128.9000, 1.6000,  150, 150, 150
L 51.5000, -128.9000, 1.6000,  59.0000, -130.4000, 1.6000,  150, 150, 150
L 59.0000, -130.4000, 1.6000,  64.2000, -125.1000, 1.6000,  150, 150, 150
L 64.2000, -125.1000, 1.6000,  72.4000, -124.2000, 1.6000,  150, 150, 150
L 72.4000, -124.2000, 1.6000,  77.2000, -117.6000, 1.6000,  150, 150, 150
L 77.2000, -117.6000, 1.6000,  84.9000, -112.7000, 1.6000,  150, 150, 150
L 84.9000, -112.7000, 1.6000,  85.2000, -106.8000, 1.6000,  150, 150, 150
L 85.2000, -106.8000, 1.6000,  77.2000, -95.0000, 1.6000,  150, 150, 150
L 77.2000, -95.0000, 1.6000,  70.7000, -88.1000, 1.6000,  150, 150, 150
L 80.2000, -101.6000, 1.6000,  85.2000, -106.8000, 1.5000,  0, 0, 0
L 85.2000, -106.8000, 1.6000,  82.2000, -109.5000, 1.6000,  0, 0, 0
L 80.2000, -101.6000, 1.6000,  76.6000, -104.9000, 1.6000,  0, 0, 0
L 77.4000, -105.9000, 1.6000,  76.6000, -104.9000, 1.6000,  0, 0, 0
L 77.4000, -105.9000, 1.6000,  72.5000, -110.0000, 1.6000,  0, 0, 0
L 58.2000, -118.2000, 2.5000,  46.8000, -123.3000, 2.7000,  0, 0, 0
L 46.8000, -123.3000, 2.7000,  48.1000, -127.4000, 2.7000,  0, 0, 0
L 48.1000, -127.4000, 2.7000,  60.6000, -122.8000, 1.6000,  0, 0, 0
L -58.4000, -60.7000, -1.4000,  -56.6000, -59.8000, -2.4000,  150, 150, 150
L -56.6000, -59.8000, -2.4000,  -55.3000, -55.8000, -2.4000,  150, 150, 150
L -55.3000, -55.8000, -2.4000,  -59.4000, -52.0000, -2.4000,  150, 150, 150
L -59.4000, -52.0000, -2.4000,  -62.1000, -45.8000, -2.4000,  150, 150, 150
L -62.1000, -45.8000, -2.4000,  -65.0000, -42.8000, -2.4000,  150, 150, 150
L -65.0000, -42.8000, -2.4000,  -68.6000, -36.6000, -2.5000,  150, 150, 150
L -68.6000, -36.6000, -2.5000,  -70.6000, -36.7000, -1.6000,  150, 150, 150
L -70.6000, -36.7000, -1.6000,  -67.4000, -44.2000, -1.4000,  150, 150, 150
L -67.4000, -44.2000, -1.4000,  -62.8000, -49.3000, -1.4000,  150, 150, 150
L -62.8000, -49.3000, -1.4000,  -62.0000, -54.5000, -1.4000,  150, 150, 150
L -62.0000, -54.5000, -1.4000,  -60.5000, -58.1000, -1.4000,  150, 150, 150
L -60.5000, -58.1000, -1.4000,  -58.4000, -60.7000, -1.4000,  150, 150, 150
L -58.4000, -60.7000, -1.4000,  -59.4000, -63.6000, -0.5000,  150, 150, 150
L -59.4000, -63.6000, -0.5000,  -62.1000, -63.7000, -0.6000,  150, 150, 150
L -62.1000, -63.7000, -0.6000,  -63.7000, -60.5000, -0.5000,  150, 150, 150
L -63.7000, -60.5000, -0.5000,  -67.4000, -55.8000, -0.5000,  150, 150, 150
L -67.4000, -55.8000, -0.5000,  -66.9000, -50.0000, -0.5000,  150, 150, 150
L -66.9000, -50.0000, -0.5000,  -70.1000, -46.4000, -0.5000,  150, 150, 150
L -70.1000, -46.4000, -0.5000,  -73.4000, -37.7000, -0.5000,  150, 150, 150
L -73.4000, -37.7000, -0.5000,  -72.7000, -35.9000, -0.5000,  150, 150, 150
L -72.7000, -35.9000, -0.5000,  -75.0000, -35.4000, 0.4000,  150, 150, 150
L -75.0000, -35.4000, 0.4000,  -77.1000, -37.5000, 0.4000,  150, 150, 150
L -77.1000, -37.5000, 0.4000,  -72.0000, -46.8000, 0.4000,  150, 150, 150
L -72.0000, -46.8000, 0.4000,  -73.5000, -52.3000, 0.4000,  150, 150, 150
L -73.5000, -52.3000, 0.4000,  -69.4000, -56.5000, 0.3000,  150, 150, 150
L -69.4000, -56.5000, 0.3000,  -68.0000, -62.7000, 0.4000,  150, 150, 150
L -68.0000, -62.7000, 0.4000,  -62.2000, -66.6000, 0.4000,  150, 150, 150
L -62.2000, -66.6000, 0.4000,  -69.5000, -72.7000, 0.4000,  150, 150, 150
L -69.5000, -72.7000, 0.4000,  -77.9000, -76.2000, 0.4000,  150, 150, 150
L -77.9000, -76.2000, 0.4000,  -84.0000, -76.8000, 0.4000,  150, 150, 150
L -84.0000, -76.8000, 0.4000,  -90.8000, -73.4000, 0.4000,  150, 150, 150
L -90.8000, -73.4000, 0.4000,  -91.8000, -66.7000, 0.4000,  150, 150, 150
L -91.8000, -66.7000, 0.4000,  -97.0000, -61.0000, 0.4000,  150, 150, 150
L -97.0000, -61.0000, 0.4000,  -96.8000, -53.5000, 0.4000,  150, 150, 150
L -96.8000, -53.5000, 0.4000,  -99.5000, -45.6000, 0.4000,  150, 150, 150
L -92.4000, -39.6000, 0.4000,  -83.9000, -37.0000, 0.4000,  150, 150, 150
L -83.9000, -37.0000, 0.4000,  -75.0000, -35.4000, 0.4000,  150, 150, 150
L -88.2000, -53.1000, 0.4000,  -88.9000, -49.9000, 1.7000,  0, 0, 0
L -88.9000, -49.9000, 1.7000,  -89.2000, -49.8000, 1.8000,  0, 0, 0
L -89.2000, -49.8000, 1.8000,  -89.5000, -47.4000, 1.8000,  0, 0, 0
L -89.5000, -47.4000, 1.8000,  -90.0000, -40.5000, 0.4000,  0, 0, 0
L -90.0000, -40.5000, 0.4000,  -94.0000, -40.0000, 1.8000,  0, 0, 0
L -94.0000, -40.0000, 1.8000,  -93.8000, -48.3000, 1.8000,  0, 0, 0
L -93.8000, -48.3000, 1.8000,  -93.5000, -50.5000, 1.8000,  0, 0, 0
L -93.5000, -50.5000, 1.8000,  -93.0000, -54.6000, 0.4000,  0, 0, 0
L -87.6000, -66.9000, 0.4000,  -85.4000, -70.0000, 0.4000,  0, 0, 0
L -85.4000, -70.0000, 0.4000,  -85.0000, -69.9000, 1.8000,  0, 0, 0
L -85.0000, -69.9000, 1.8000,  -83.4000, -71.9000, 1.8000,  0, 0, 0
L -83.4000, -71.9000, 1.8000,  -79.0000, -76.0000, 1.7000,  0, 0, 0
L -79.0000, -76.0000, 1.7000,  -76.3000, -72.5000, 1.8000,  0, 0, 0
L -76.3000, -72.5000, 1.8000,  -80.3000, -68.6000, 1.8000,  0, 0, 0
L -80.3000, -68.6000, 1.8000,  -83.0000, -64.5000, 0.4000,  0, 0, 0
L -84.7000, 63.3000, 2.3000,  -80.6000, 65.2000, 2.3000,  0, 0, 0
L -80.6000, 65.2000, 2.3000,  -74.5000, 66.6000, 0.9000,  0, 0, 0
L -74.5000, 66.6000, 0.9000,  -73.7000, 70.4000, 0.9000,  0, 0, 0
L -73.7000, 70.4000, 0.9000,  -82.0000, 69.5000, 2.3000,  0, 0, 0
L -82.0000, 69.5000, 2.3000,  -87.8000, 67.8000, 0.9000,  0, 0, 0
L -98.2000, 55.5000, 2.2000,  -99.3000, 52.1000, 0.9000,  0, 0, 0
L -99.3000, 52.1000, 0.9000,  -99.5000, 48.6000, 2.3000,  0, 0, 0
L -99.5000, 48.6000, 2.3000,  -99.0000, 40.3000, 2.3000,  0, 0, 0
L -99.0000, 40.3000, 2.3000,  -94.6000, 41.7000, 2.3000,  0, 0, 0
L -94.6000, 41.7000, 2.3000,  -95.1000, 47.7000, 2.3000,  0, 0, 0
L -95.1000, 47.7000, 2.3000,  -93.5000, 53.2000, 2.2000,  0, 0, 0
L -62.5000, 48.8000, -1.1000,  -61.4000, 47.6000, -2.1000,  150, 150, 150
L -61.4000, 47.6000, -2.1000,  -62.3000, 44.0000, -2.1000,  150, 150, 150
L -62.3000, 44.0000, -2.1000,  -67.0000, 40.8000, -2.1000,  150, 150, 150
L -67.0000, 40.8000, -2.1000,  -69.1000, 36.0000, -2.1000,  150, 150, 150
L -69.1000, 36.0000, -2.1000,  -74.0000, 34.4000, -2.1000,  150, 150, 150
L -74.0000, 34.4000, -2.1000,  -78.7000, 30.6000, -2.1000,  150, 150, 150
L -78.7000, 30.6000, -2.1000,  -81.5000, 31.7000, -1.2000,  150, 150, 150
L -81.5000, 31.7000, -1.2000,  -75.7000, 35.3000, -1.2000,  150, 150, 150
L -75.7000, 35.3000, -1.2000,  -70.9000, 40.3000, -1.1000,  150, 150, 150
L -70.9000, 40.3000, -1.1000,  -68.4000, 46.5000, -1.1000,  150, 150, 150
L -68.4000, 46.5000, -1.1000,  -62.5000, 48.8000, -1.2000,  150, 150, 150
L -62.5000, 48.8000, -1.2000,  -62.5000, 51.8000, -0.1000,  150, 150, 150
L -62.5000, 51.8000, -0.1000,  -64.3000, 53.0000, -0.1000,  150, 150, 150
L -64.3000, 53.0000, -0.1000,  -67.7000, 51.9000, -0.1000,  150, 150, 150
L -67.7000, 51.9000, -0.1000,  -73.5000, 47.4000, -0.1000,  150, 150, 150
L -73.5000, 47.4000, -0.1000,  -73.9000, 42.1000, -0.2000,  150, 150, 150
L -73.9000, 42.1000, -0.2000,  -78.5000, 39.9000, -0.1000,  150, 150, 150
L -78.5000, 39.9000, -0.1000,  -84.0000, 34.1000, -0.1000,  150, 150, 150
L -84.0000, 34.1000, -0.1000,  -83.3000, 31.7000, -0.1000,  150, 150, 150
L -83.3000, 31.7000, -0.1000,  -86.1000, 32.6000, 0.9000,  150, 150, 150
L -86.1000, 32.6000, 0.9000,  -86.4000, 34.9000, 0.7000,  150, 150, 150
L -86.4000, 34.9000, 0.7000,  -81.9000, 42.5000, 0.9000,  150, 150, 150
L -81.9000, 42.5000, 0.9000,  -77.2000, 44.5000, 0.9000,  150, 150, 150
L -77.2000, 44.5000, 0.9000,  -74.9000, 50.1000, 0.9000,  150, 150, 150
L -74.9000, 50.1000, 0.9000,  -69.9000, 54.1000, 0.9000,  150, 150, 150
L -69.9000, 54.1000, 0.9000,  -66.7000, 55.5000, 0.9000,  150, 150, 150
L -66.7000, 55.5000, 0.9000,  -64.7000, 55.9000, 0.9000,  150, 150, 150
L -64.7000, 55.9000, 0.9000,  -67.1000, 61.6000, 0.9000,  150, 150, 150
L -67.1000, 61.6000, 0.9000,  -70.6000, 65.4000, 0.9000,  150, 150, 150
L -79.0000, 72.5000, 0.9000,  -86.5000, 70.7000, 0.9000,  150, 150, 150
L -86.5000, 70.7000, 0.9000,  -90.3000, 65.5000, -0.4000,  150, 150, 150
L -90.3000, 65.5000, -0.4000,  -96.2000, 62.2000, 0.8000,  150, 150, 150
L -96.2000, 62.2000, 0.8000,  -100.0000, 54.2000, -0.4000,  150, 150, 150
L -100.0000, 54.2000, -0.4000,  -103.5000, 46.0000, 0.9000,  150, 150, 150
L -103.5000, 46.0000, 0.9000,  -101.0000, 40.6000, 0.9000,  150, 150, 150
L -101.0000, 40.6000, 0.9000,  -86.1000, 32.6000, 0.9000,  150, 150, 150
L 15.5000, -5.4000, 0.6000,  12.2000, -8.7000, 2.3000,  0, 0, 0
L 12.2000, -8.7000, 2.3000,  10.7000, -9.6000, 2.3000,  0, 0, 0
L 10.7000, -9.6000, 2.3000,  5.0000, -12.0000, 0.6000,  0, 0, 0
L 4.9000, -18.0000, -0.4000,  4.9000, -16.7000, -0.1000,  0, 0, 0
L 4.9000, -18.0000, -0.4000,  13.4000, -15.3000, -0.4000,  0, 0, 0
L 13.4000, -15.3000, -0.4000,  14.4000, -14.5000, -0.2000,  0, 0, 0
L 19.9000, -9.9000, 0.6000,  15.5000, -5.4000, 0.6000,  0, 0, 0
L 20.7000, 5.5000, 0.6000,  26.5000, 5.0000, 1.8000,  0, 0, 0
L 26.5000, 5.0000, 1.8000,  25.5000, 14.0000, 2.3000,  0, 0, 0
L 25.5000, 13.8000, 2.3000,  21.2000, 22.7000, 0.6000,  0, 0, 0
L 21.2000, 22.7000, 0.6000,  18.6000, 21.2000, 0.6000,  0, 0, 0
L 18.6000, 21.2000, 0.6000,  20.8000, 12.9000, 2.3000,  0, 0, 0
L 20.8000, 12.9000, 2.3000,  20.7000, 5.5000, 0.6000,  0, 0, 0
L -24.7000, 16.0000, -3.0000,  -22.8000, 15.0000, -2.1000,  150, 150, 150
L -18.3000, 12.9000, 0.6000,  -18.7000, 9.7000, 0.6000,  150, 150, 150
L -18.7000, 9.7000, 0.6000,  -19.8000, 8.4000, 0.2000,  150, 150, 150
L -25.1000, 1.7000, -2.4000,  -22.4000, -8.1000, -2.4000,  150, 150, 150
L -22.4000, -8.1000, -2.4000,  -11.5000, -19.5000, -2.4000,  150, 150, 150
L -11.5000, -19.5000, -2.4000,  4.0000, -23.9000, -3.4000,  150, 150, 150
L 4.0000, -23.9000, -3.4000,  19.7000, -19.7000, -2.4000,  150, 150, 150
L 19.7000, -19.7000, -2.4000,  31.3000, -8.4000, -2.4000,  150, 150, 150
L 31.3000, -8.4000, -2.4000,  35.8000, 7.1000, -2.4000,  150, 150, 150
L 35.8000, 7.1000, -2.4000,  31.6000, 22.8000, -2.4000,  150, 150, 150
L 31.6000, 22.8000, -2.4000,  20.9000, 34.5000, -3.4000,  150, 150, 150
L 20.9000, 34.5000, -3.4000,  17.7000, 35.1000, -1.4000,  150, 150, 150
L 14.5000, 35.7000, 0.6000,  13.0000, 43.2000, 0.6000,  150, 150, 150
L 13.0000, 43.2000, 0.6000,  13.2000, 52.7000, 0.6000,  150, 150, 150
L 13.2000, 52.7000, 0.6000,  12.2000, 66.9000, 0.8000,  150, 150, 150
L 12.2000, 66.9000, 0.8000,  7.0000, 62.8000, 1.2000,  150, 150, 150
L 7.0000, 62.8000, 1.2000,  2.6000, 63.9000, 0.9000,  150, 150, 150
L 2.6000, 63.9000, 0.9000,  -1.2000, 65.5000, 0.6000,  150, 150, 150
L -1.2000, 65.5000, 0.6000,  -3.7000, 52.5000, 0.6000,  150, 150, 150
L -3.7000, 52.5000, 0.6000,  -3.7000, 42.9000, 0.6000,  150, 150, 150
L -3.7000, 42.9000, 0.6000,  -5.9000, 35.8000, 0.6000,  150, 150, 150
L -5.9000, 35.8000, 0.6000,  -11.2000, 34.0000, -2.4000,  150, 150, 150
L -11.2000, 34.0000, -2.4000,  -22.5000, 22.9000, -2.4000,  150, 150, 150
L -22.5000, 22.9000, -2.4000,  -24.7000, 16.0000, -3.0000,  150, 150, 150
L -22.8000, 15.0000, -2.1000,  -20.8000, 21.8000, -1.6000,  150, 150, 150
L -20.8000, 21.8000, -1.6000,  -10.2000, 32.4000, -1.4000,  150, 150, 150
L -10.2000, 32.4000, -1.4000,  -6.6000, 33.3000, 0.6000,  150, 150, 150
L -5.9000, 35.8000, 0.6000,  -6.6000, 33.3000, 0.6000,  150, 150, 150
L -20.5000, 13.8000, -1.0000,  -18.7000, 20.8000, -0.4000,  150, 150, 150
L -18.7000, 20.8000, -0.4000,  -9.1000, 30.7000, -1.4000,  150, 150, 150
L -9.1000, 30.7000, -1.4000,  -7.2000, 31.0000, 0.6000,  150, 150, 150
L -7.9000, 28.6000, 0.6000,  -7.5000, 28.2000, 0.6000,  150, 150, 150
L -7.5000, 28.2000, 0.6000,  -16.7000, 19.7000, 0.6000,  150, 150, 150
L -16.7000, 19.7000, 0.6000,  -18.3000, 12.9000, 0.6000,  150, 150, 150
L -23.8000, 3.4000, -1.7000,  -20.5000, -7.1000, -1.4000,  150, 150, 150
L -20.5000, -7.1000, -1.4000,  -10.1000, -17.7000, -1.4000,  150, 150, 150
L -10.1000, -17.7000, -1.4000,  4.3000, -21.5000, -1.4000,  150, 150, 150
L 4.3000, -21.5000, -1.4000,  18.7000, -17.5000, -1.4000,  150, 150, 150
L 18.7000, -17.5000, -1.4000,  29.5000, -6.9000, -1.4000,  150, 150, 150
L 29.5000, -6.9000, -1.4000,  33.5000, 7.1000, -1.4000,  150, 150, 150
L 33.5000, 7.1000, -1.4000,  29.8000, 21.5000, -1.4000,  150, 150, 150
L 29.8000, 21.5000, -1.4000,  19.6000, 32.0000, -1.4000,  150, 150, 150
L 19.6000, 32.0000, -1.4000,  16.5000, 33.1000, -1.4000,  150, 150, 150
L 11.7000, 38.4000, 1.7000,  8.7000, 35.3000, 1.7000,  150, 150, 150
L 8.7000, 35.3000, 1.7000,  5.2000, 32.9000, 1.7000,  150, 150, 150
L 5.2000, 32.9000, 1.7000,  6.7000, 31.6000, 1.7000,  150, 150, 150
L 6.7000, 31.6000, 1.7000,  10.5000, 25.1000, 1.6000,  150, 150, 150
L 10.5000, 25.1000, 1.6000,  11.6000, 25.3000, 1.7000,  150, 150, 150
L 11.6000, 25.3000, 1.7000,  12.2000, 28.2000, 1.6000,  150, 150, 150
L 12.2000, 28.2000, 1.6000,  13.5000, 28.5000, 1.6000,  150, 150, 150
L 13.5000, 28.5000, 1.6000,  15.0000, 30.4000, 1.7000,  150, 150, 150
L 15.0000, 30.4000, 1.7000,  11.7000, 38.4000, 1.7000,  150, 150, 150
L 16.6000, 31.8000, -0.8000,  18.1000, 31.3000, -1.4000,  150, 150, 150
L 18.1000, 31.3000, -1.4000,  28.0000, 20.5000, -0.5000,  150, 150, 150
L 28.0000, 20.5000, -0.5000,  31.1000, 7.3000, -0.4000,  150, 150, 150
L 31.1000, 7.3000, -0.4000,  27.6000, -6.0000, -0.4000,  150, 150, 150
L 27.6000, -6.0000, -0.4000,  17.7000, -15.5000, -0.4000,  150, 150, 150
L 17.7000, -15.5000, -0.4000,  4.3000, -19.2000, -0.4000,  150, 150, 150
L 4.3000, -19.2000, -0.4000,  -8.5000, -15.5000, -0.4000,  150, 150, 150
L -8.5000, -15.5000, -0.4000,  -18.2000, -5.6000, -0.4000,  150, 150, 150
L -18.2000, -5.6000, -0.4000,  -21.6000, 6.1000, -0.7000,  150, 150, 150
L -19.8000, 8.4000, 0.2000,  -16.4000, -5.0000, 0.6000,  150, 150, 150
L -16.4000, -5.0000, 0.6000,  -7.7000, -13.7000, 0.6000,  150, 150, 150
L -7.7000, -13.7000, 0.6000,  4.9000, -16.7000, -0.1000,  150, 150, 150
L 16.9000, -13.7000, 0.6000,  25.7000, -5.0000, 0.6000,  150, 150, 150
L 25.7000, -5.0000, 0.6000,  29.1000, 7.4000, 0.6000,  150, 150, 150
L 29.1000, 7.4000, 0.6000,  25.9000, 19.5000, 0.6000,  150, 150, 150
L 25.9000, 19.5000, 0.6000,  16.9000, 28.4000, 0.6000,  150, 150, 150
L 16.9000, 28.4000, 0.6000,  16.6000, 31.8000, -0.8000,  150, 150, 150
L 117.0000, -39.4000, 7.2000,  114.9000, -45.6000, 7.3000,  0, 0, 0
L 114.9000, -45.6000, 7.3000,  111.4000, -53.9000, 6.0000,  0, 0, 0
L 111.4000, -53.9000, 6.0000,  115.3000, -55.1000, 7.3000,  0, 0, 0
L 115.3000, -55.1000, 7.3000,  121.9000, -41.2000, 5.8000,  0, 0, 0
L 121.9000, -41.2000, 5.8000,  117.0000, -39.4000, 7.2000,  0, 0, 0
L 124.6000, -28.3000, 5.7000,  120.6000, -27.5000, 7.2000,  0, 0, 0
L 120.6000, -27.5000, 7.2000,  122.4000, -20.0000, 5.7000,  0, 0, 0
L 122.4000, -20.0000, 5.7000,  125.0000, -17.8000, 5.7000,  0, 0, 0
L 125.0000, -17.8000, 5.7000,  124.6000, -28.3000, 5.7000,  0, 0, 0
L 124.3000, -0.5000, 5.7000,  119.8000, -2.0000, 5.7000,  0, 0, 0
L 119.8000, -2.0000, 5.7000,  115.7000, 10.5000, 5.7000,  0, 0, 0
L 115.7000, 10.5000, 5.7000,  121.3000, 12.6000, 5.7000,  0, 0, 0
L 108.2000, 25.4000, 5.7000,  104.9000, 30.0000, 5.8000,  0, 0, 0
L 104.9000, 30.0000, 5.8000,  103.7000, 29.6000, 5.7000,  0, 0, 0
L 103.7000, 29.6000, 5.7000,  100.8000, 33.1000, 5.7000,  0, 0, 0
L 100.8000, 33.1000, 5.7000,  101.5000, 33.8000, 5.7000,  0, 0, 0
L 101.5000, 33.8000, 5.7000,  100.4000, 35.1000, 5.7000,  0, 0, 0
L 100.4000, 35.1000, 5.7000,  104.4000, 38.5000, 5.7000,  0, 0, 0
L 104.4000, 38.5000, 5.7000,  105.6000, 37.1000, 5.7000,  0, 0, 0
L 105.6000, 37.1000, 5.7000,  106.6000, 37.9000, 5.7000,  0, 0, 0
L 106.6000, 37.9000, 5.7000,  109.5000, 34.1000, 5.7000,  0, 0, 0
L 109.5000, 34.1000, 5.7000,  108.6000, 33.0000, 5.8000,  0, 0, 0
L 108.6000, 33.0000, 5.8000,  112.3000, 27.9000, 5.8000,  0, 0, 0
L 112.3000, 27.9000, 5.8000,  108.2000, 25.4000, 5.7000,  0, 0, 0
L 90.9000, 44.0000, 5.7000,  89.6000, 45.0000, 5.7000,  0, 0, 0
L 89.6000, 45.0000, 5.7000,  89.1000, 44.3000, 5.7000,  0, 0, 0
L 89.1000, 44.3000, 5.7000,  85.4000, 46.9000, 5.7000,  0, 0, 0
L 85.4000, 46.9000, 5.7000,  89.4000, 52.5000, 5.7000,  0, 0, 0
L 89.4000, 52.5000, 5.7000,  93.2000, 49.9000, 5.7000,  0, 0, 0
L 93.2000, 49.9000, 5.7000,  92.8000, 49.2000, 5.7000,  0, 0, 0
L 92.8000, 49.2000, 5.7000,  94.2000, 48.0000, 5.7000,  0, 0, 0
L 94.2000, 48.0000, 5.7000,  90.9000, 44.0000, 5.7000,  0, 0, 0
L 8.8000, 7.6000, 0.4000,  6.8000, 11.3000, 0.5000,  0, 0, 0
L 6.8000, 11.3000, 0.5000,  2.3000, 11.6000, 0.5000,  0, 0, 0
L 2.3000, 11.6000, 0.5000,  0.5000, 8.1000, 0.5000,  0, 0, 0
L 0.5000, 8.1000, 0.5000,  2.7000, 4.3000, 0.2000,  0, 0, 0
L 2.7000, 4.3000, 0.2000,  6.3000, 3.8000, 0.2000,  0, 0, 0
L 6.3000, 3.8000, 0.2000,  8.8000, 7.6000, 0.4000,  0, 0, 0
L 94.1000, 172.8000, 27.0000,  97.0000, 171.1000, 27.0000,  0, 0, 0
L 97.0000, 171.1000, 27.0000,  101.6000, 167.7000, 27.9000,  0, 0, 0
L 101.6000, 167.7000, 27.9000,  103.9000, 170.9000, 27.0000,  0, 0, 0
L 103.9000, 170.9000, 27.0000,  99.5000, 174.7000, 27.0000,  0, 0, 0
L 99.5000, 174.7000, 27.0000,  96.0000, 176.8000, 27.0000,  0, 0, 0
L 86.8000, 181.9000, 27.0000,  80.9000, 183.8000, 27.0000,  0, 0, 0
L 80.9000, 183.8000, 27.0000,  78.7000, 184.3000, 27.0000,  0, 0, 0
L 78.7000, 184.3000, 27.0000,  77.7000, 180.6000, 27.0000,  0, 0, 0
L 77.7000, 180.6000, 27.0000,  85.0000, 177.8000, 27.0000,  0, 0, 0
L 104.7000, 154.7000, 27.0000,  104.3000, 159.8000, 28.3000,  0, 0, 0
L 104.3000, 159.8000, 28.3000,  102.4000, 165.1000, 27.0000,  0, 0, 0
L 102.4000, 165.1000, 27.0000,  106.8000, 166.7000, 28.2000,  0, 0, 0
L 106.8000, 166.7000, 28.2000,  109.9000, 154.7000, 27.0000,  0, 0, 0
L 109.9000, 154.7000, 27.0000,  104.7000, 154.7000, 27.0000,  0, 0, 0
L 103.6000, 142.0000, 27.0000,  102.3000, 137.2000, 28.3000,  0, 0, 0
L 102.3000, 137.2000, 28.3000,  99.3000, 130.5000, 27.0000,  0, 0, 0
L 99.3000, 130.5000, 27.0000,  102.4000, 129.1000, 27.0000,  0, 0, 0
L 102.4000, 129.1000, 27.0000,  106.6000, 136.0000, 28.3000,  0, 0, 0
L 106.6000, 136.0000, 28.3000,  108.6000, 140.8000, 27.0000,  0, 0, 0
L 108.6000, 140.8000, 27.0000,  103.6000, 142.1000, 27.0000,  0, 0, 0
L 74.6000, 183.0000, 29.9000,  69.0000, 182.4000, 28.6000,  0, 0, 0
L 69.0000, 182.4000, 28.6000,  63.2000, 180.9000, 28.6000,  0, 0, 0
L 63.2000, 180.9000, 28.6000,  61.6000, 186.8000, 27.0000,  0, 0, 0
L 61.6000, 186.8000, 27.0000,  69.1000, 187.2000, 28.6000,  0, 0, 0
L 69.1000, 187.2000, 28.6000,  72.6000, 186.8000, 28.6000,  0, 0, 0
L 52.7000, 171.7000, 28.6000,  49.9000, 166.0000, 28.6000,  0, 0, 0
L 49.9000, 166.0000, 28.6000,  49.2000, 158.2000, 27.0000,  0, 0, 0
L 49.2000, 158.2000, 27.0000,  44.9000, 157.8000, 27.0000,  0, 0, 0
L 44.9000, 157.8000, 27.0000,  45.4000, 167.6000, 28.6000,  0, 0, 0
L 45.4000, 167.6000, 28.6000,  47.7000, 175.7000, 27.0000,  0, 0, 0
L 47.7000, 175.7000, 27.0000,  52.7000, 171.7000, 28.6000,  0, 0, 0
L -219.4000, 210.0000, -71.6000,  -237.7000, 196.2000, -68.9000,  0, 0, 0
L -237.7000, 196.2000, -68.9000,  -241.4000, 193.8000, -63.8000,  0, 0, 0
L -241.4000, 193.8000, -63.8000,  -244.3000, 201.3000, -62.8000,  0, 0, 0
L -244.3000, 201.3000, -62.8000,  -250.4000, 213.5000, -67.4000,  0, 0, 0
L -250.4000, 213.5000, -67.4000,  -259.1000, 213.5000, -67.9000,  0, 0, 0
L -259.1000, 213.5000, -67.9000,  -270.7000, 206.7000, -68.9000,  0, 0, 0
L -270.7000, 206.7000, -68.9000,  -277.0000, 198.7000, -68.6000,  0, 0, 0
L -277.0000, 198.7000, -68.6000,  -274.6000, 189.0000, -69.2000,  0, 0, 0
L -274.6000, 189.0000, -69.2000,  -267.6000, 179.7000, -70.7000,  0, 0, 0
L -267.6000, 179.7000, -70.7000,  -268.6000, 169.5000, -73.7000,  0, 0, 0
L -268.6000, 169.5000, -73.7000,  -281.3000, 169.0000, -70.1000,  0, 0, 0
L -281.3000, 169.0000, -70.1000,  -287.8000, 160.6000, -69.2000,  0, 0, 0
L -287.8000, 160.6000, -69.2000,  -291.3000, 147.9000, -69.5000,  0, 0, 0
L -291.3000, 147.9000, -69.5000,  -290.6000, 136.9000, -69.3000,  0, 0, 0
L -290.6000, 136.9000, -69.3000,  -284.9000, 132.6000, -70.0000,  0, 0, 0
L -284.9000, 132.6000, -70.0000,  -273.5000, 130.1000, -70.4000,  0, 0, 0
L -273.5000, 130.1000, -70.4000,  -268.0000, 127.7000, -70.8000,  0, 0, 0
L -268.0000, 127.7000, -70.8000,  -261.9000, 118.6000, -72.3000,  0, 0, 0
L -261.9000, 118.6000, -72.3000,  -260.4000, 113.8000, -72.2000,  0, 0, 0
L -260.4000, 113.8000, -72.2000,  -251.4000, 97.9000, -72.3000,  0, 0, 0
L -251.4000, 97.9000, -72.3000,  -230.1000, 87.7000, -72.0000,  0, 0, 0
L -230.1000, 87.7000, -72.0000,  -234.6000, 75.5000, -69.7000,  0, 0, 0
L -234.6000, 75.5000, -69.7000,  -233.3000, 66.2000, -68.5000,  0, 0, 0
L -233.3000, 66.2000, -68.5000,  -225.1000, 61.2000, -68.1000,  0, 0, 0
L -225.1000, 61.2000, -68.1000,  -212.6000, 58.7000, -68.5000,  0, 0, 0
L -212.6000, 58.7000, -68.5000,  -202.0000, 59.6000, -68.4000,  0, 0, 0
L -202.0000, 59.6000, -68.4000,  -197.4000, 68.3000, -67.9000,  0, 0, 0
L -197.4000, 68.3000, -67.9000,  -195.8000, 77.9000, -70.6000,  0, 0, 0
L -195.8000, 77.9000, -70.6000,  -189.2000, 86.6000, -70.6000,  0, 0, 0
L -189.2000, 86.6000, -70.6000,  -181.8000, 99.6000, -72.2000,  0, 0, 0
L -181.8000, 99.6000, -72.2000,  -172.0000, 104.7000, -72.1000,  0, 0, 0
L -172.0000, 104.7000, -72.1000,  -165.0000, 94.8000, -71.2000,  0, 0, 0
L -165.0000, 94.8000, -71.2000,  -156.2000, 91.6000, -69.1000,  0, 0, 0
L -156.2000, 91.6000, -69.1000,  -146.4000, 95.4000, -70.8000,  0, 0, 0
L -146.4000, 95.4000, -70.8000,  -138.5000, 105.0000, -71.0000,  0, 0, 0
L -138.5000, 105.0000, -71.0000,  -136.6000, 113.7000, -68.1000,  0, 0, 0
L -136.6000, 113.7000, -68.1000,  -140.4000, 123.0000, -67.8000,  0, 0, 0
L -140.4000, 123.0000, -67.8000,  -146.8000, 130.4000, -71.7000,  0, 0, 0
L -146.8000, 130.4000, -71.7000,  -150.3000, 136.4000, -71.1000,  0, 0, 0
L -150.3000, 136.4000, -71.1000,  -138.3000, 155.5000, -69.4000,  0, 0, 0
L -138.3000, 155.5000, -69.4000,  -144.2000, 172.6000, -69.2000,  0, 0, 0
L -144.2000, 172.6000, -69.2000,  -144.2000, 175.4000, -70.4000,  0, 0, 0
L -144.2000, 175.4000, -70.4000,  -136.3000, 177.2000, -72.4000,  0, 0, 0
L -136.3000, 177.2000, -72.4000,  -124.7000, 184.9000, -70.5000,  0, 0, 0
L -124.7000, 184.9000, -70.5000,  -126.6000, 193.5000, -68.9000,  0, 0, 0
L -126.6000, 193.5000, -68.9000,  -129.5000, 201.9000, -69.2000,  0, 0, 0
L -129.5000, 201.9000, -69.2000,  -136.3000, 214.2000, -70.6000,  0, 0, 0
L -136.3000, 214.2000, -70.6000,  -146.0000, 215.1000, -71.7000,  0, 0, 0
L -146.0000, 215.1000, -71.7000,  -158.1000, 209.9000, -72.9000,  0, 0, 0
L -158.1000, 209.9000, -72.9000,  -170.5000, 216.8000, -72.6000,  0, 0, 0
L -170.5000, 216.8000, -72.6000,  -186.8000, 211.6000, -72.2000,  0, 0, 0
L -186.8000, 211.6000, -72.2000,  -203.7000, 213.1000, -70.7000,  0, 0, 0
L -203.7000, 213.1000, -70.7000,  -219.4000, 210.0000, -71.6000,  0, 0, 0
L -275.6000, 156.7000, -63.0000,  -275.0000, 159.3000, -62.2000,  0, 0, 0
L -275.0000, 159.3000, -62.2000,  -273.0000, 165.7000, -63.0000,  0, 0, 0
L -273.0000, 165.7000, -63.0000,  -276.8000, 165.5000, -62.3000,  0, 0, 0
L -276.8000, 165.5000, -62.3000,  -279.9000, 158.3000, -63.0000,  0, 0, 0
L -281.8000, 145.8000, -63.0000,  -282.7000, 140.4000, -63.0000,  0, 0, 0
L -282.7000, 140.4000, -63.0000,  -283.8000, 139.4000, -63.1000,  0, 0, 0
L -283.8000, 139.4000, -63.1000,  -283.8000, 137.0000, -63.0000,  0, 0, 0
L -283.8000, 137.0000, -63.0000,  -277.9000, 137.2000, -63.0000,  0, 0, 0
L -277.9000, 137.2000, -63.0000,  -277.9000, 140.0000, -63.0000,  0, 0, 0
L -277.9000, 140.0000, -63.0000,  -278.7000, 140.2000, -63.0000,  0, 0, 0
L -149.8000, 115.7000, -63.0000,  -144.4000, 119.9000, -64.9000,  0, 0, 0
L -144.4000, 119.9000, -64.9000,  -143.2000, 117.3000, -63.1000,  0, 0, 0
L -143.2000, 117.3000, -63.1000,  -147.1000, 112.1000, -63.0000,  0, 0, 0
L -153.6000, 104.6000, -63.0000,  -161.4000, 99.0000, -62.0000,  0, 0, 0
L -161.4000, 99.0000, -62.0000,  -163.1000, 102.0000, -62.1000,  0, 0, 0
L -163.1000, 102.0000, -62.1000,  -156.9000, 107.3000, -63.0000,  0, 0, 0
L -138.4000, 193.6000, -63.0000,  -137.9000, 191.3000, -61.8000,  0, 0, 0
L -137.9000, 191.3000, -61.8000,  -137.9000, 186.5000, -60.9000,  0, 0, 0
L -137.9000, 186.5000, -60.9000,  -135.4000, 185.2000, -61.8000,  0, 0, 0
L -135.4000, 185.2000, -61.8000,  -134.3000, 189.0000, -61.8000,  0, 0, 0
L -134.3000, 189.0000, -61.8000,  -134.0000, 194.9000, -63.0000,  0, 0, 0
L -140.6000, 205.2000, -63.1000,  -145.4000, 207.8000, -63.0000,  0, 0, 0
L -145.4000, 207.8000, -63.0000,  -151.3000, 209.2000, -63.0000,  0, 0, 0
L -151.3000, 209.2000, -63.0000,  -150.8000, 204.9000, -61.8000,  0, 0, 0
L -150.8000, 204.9000, -61.8000,  -146.8000, 203.9000, -61.9000,  0, 0, 0
L -146.8000, 203.9000, -61.9000,  -143.7000, 201.8000, -63.0000,  0, 0, 0
L -172.7000, -88.7000, -25.3000,  -174.2000, -85.8000, -25.3000,  0, 0, 0
L -174.2000, -85.8000, -25.3000,  -176.4000, -83.0000, -25.3000,  0, 0, 0
L -170.2000, -97.4000, -25.3000,  -169.8000, -100.8000, -25.2000,  0, 0, 0
L -169.8000, -100.8000, -25.2000,  -169.9000, -105.0000, -24.4000,  0, 0, 0
L -169.9000, -105.0000, -24.4000,  -166.4000, -105.0000, -25.2000,  0, 0, 0
L -166.4000, -105.0000, -25.2000,  -166.0000, -100.4000, -25.3000,  0, 0, 0
L -166.0000, -100.4000, -25.3000,  -166.0000, -96.8000, -25.3000,  0, 0, 0
L -168.8000, -86.7000, -25.3000,  -172.8000, -88.5000, -25.3000,  0, 0, 0
L -173.2000, -80.9000, -25.3000,  -168.8000, -86.7000, -25.3000,  0, 0, 0
L -186.4000, -79.0000, -31.3000,  -195.3000, -76.4000, -32.2000,  0, 0, 0
L -195.3000, -76.4000, -32.2000,  -209.6000, -75.2000, -33.8000,  0, 0, 0
L -209.6000, -75.2000, -33.8000,  -218.3000, -68.6000, -34.9000,  0, 0, 0
L -218.3000, -68.6000, -34.9000,  -217.9000, -60.4000, -29.5000,  0, 0, 0
L -217.9000, -60.4000, -29.5000,  -213.4000, -50.0000, -30.7000,  0, 0, 0
L -213.4000, -50.0000, -30.7000,  -220.6000, -42.5000, -30.8000,  0, 0, 0
L -220.6000, -42.5000, -30.8000,  -234.0000, -39.2000, -30.3000,  0, 0, 0
L -234.0000, -39.2000, -30.3000,  -245.1000, -39.0000, -30.5000,  0, 0, 0
L -245.1000, -39.0000, -30.5000,  -251.1000, -47.3000, -31.2000,  0, 0, 0
L -251.1000, -47.3000, -31.2000,  -253.0000, -56.4000, -33.9000,  0, 0, 0
L -253.0000, -56.4000, -33.9000,  -256.7000, -61.8000, -33.2000,  0, 0, 0
L -256.7000, -61.8000, -33.2000,  -280.7000, -57.6000, -32.3000,  0, 0, 0
L -280.7000, -57.6000, -32.3000,  -295.4000, -71.2000, -35.6000,  0, 0, 0
L -295.4000, -71.2000, -35.6000,  -299.7000, -64.8000, -35.6000,  0, 0, 0
L -299.7000, -64.8000, -35.6000,  -311.4000, -57.3000, -35.1000,  0, 0, 0
L -311.4000, -57.3000, -35.1000,  -322.2000, -62.7000, -33.8000,  0, 0, 0
L -322.2000, -62.7000, -33.8000,  -331.0000, -73.4000, -34.4000,  0, 0, 0
L -331.0000, -73.4000, -34.4000,  -331.2000, -84.2000, -29.9000,  0, 0, 0
L -331.2000, -84.2000, -29.9000,  -328.6000, -90.9000, -31.1000,  0, 0, 0
L -328.6000, -90.9000, -31.1000,  -317.2000, -100.9000, -32.5000,  0, 0, 0
L -317.2000, -100.9000, -32.5000,  -319.4000, -113.5000, -31.8000,  0, 0, 0
L -319.4000, -113.5000, -31.8000,  -308.1000, -126.4000, -32.2000,  0, 0, 0
L -308.1000, -126.4000, -32.2000,  -302.2000, -142.0000, -31.2000,  0, 0, 0
L -302.2000, -142.0000, -31.2000,  -289.3000, -162.6000, -34.1000,  0, 0, 0
L -289.3000, -162.6000, -34.1000,  -258.6000, -181.8000, -32.0000,  0, 0, 0
L -258.6000, -181.8000, -32.0000,  -235.8000, -182.7000, -36.3000,  0, 0, 0
L -235.8000, -182.7000, -36.3000,  -228.4000, -193.2000, -29.8000,  0, 0, 0
L -228.4000, -193.2000, -29.8000,  -219.7000, -196.0000, -30.5000,  0, 0, 0
L -219.7000, -196.0000, -30.5000,  -207.4000, -194.2000, -31.2000,  0, 0, 0
L -207.4000, -194.2000, -31.2000,  -199.2000, -188.7000, -30.1000,  0, 0, 0
L -199.2000, -188.7000, -30.1000,  -197.7000, -176.6000, -31.6000,  0, 0, 0
L -197.7000, -176.6000, -31.6000,  -200.5000, -165.8000, -31.5000,  0, 0, 0
L -200.5000, -165.8000, -31.5000,  -194.6000, -150.0000, -29.7000,  0, 0, 0
L -194.6000, -150.0000, -29.7000,  -181.6000, -134.7000, -31.1000,  0, 0, 0
L -181.6000, -134.7000, -31.1000,  -179.8000, -113.5000, -32.4000,  0, 0, 0
L -179.8000, -113.5000, -32.4000,  -166.5000, -111.6000, -30.2000,  0, 0, 0
L -166.5000, -111.6000, -30.2000,  -159.0000, -107.3000, -30.0000,  0, 0, 0
L -159.0000, -107.3000, -30.0000,  -157.2000, -94.7000, -30.7000,  0, 0, 0
L -157.2000, -94.7000, -30.7000,  -166.8000, -76.5000, -30.0000,  0, 0, 0
L -166.8000, -76.5000, -30.0000,  -175.2000, -75.5000, -30.5000,  0, 0, 0
L -175.2000, -75.5000, -30.5000,  -186.4000, -79.0000, -32.4000,  0, 0, 0
L -319.4000, -83.4000, -25.2000,  -322.0000, -89.9000, -25.2000,  0, 0, 0
L -322.0000, -89.9000, -25.2000,  -327.2000, -86.8000, -25.2000,  0, 0, 0
L -327.2000, -86.8000, -25.2000,  -322.5000, -80.4000, -25.2000,  0, 0, 0
L -84.7000, -342.2000, 37.2000,  -82.9000, -342.9000, 36.9000,  0, 0, 0
L -82.9000, -342.9000, 36.9000,  -78.6000, -343.9000, 36.9000,  0, 0, 0
L -78.6000, -343.9000, 36.9000,  -79.6000, -347.6000, 36.9000,  0, 0, 0
L -79.6000, -347.6000, 36.9000,  -83.1000, -346.9000, 36.9000,  0, 0, 0
L -83.1000, -346.9000, 36.9000,  -87.1000, -345.8000, 36.9000,  0, 0, 0
L -96.0000, -339.9000, 36.9000,  -101.6000, -333.3000, 36.9000,  0, 0, 0
L -101.6000, -333.3000, 36.9000,  -97.6000, -331.9000, 37.9000,  0, 0, 0
L -97.6000, -331.9000, 37.9000,  -95.0000, -335.1000, 36.9000,  0, 0, 0
L -95.0000, -335.1000, 36.9000,  -91.8000, -338.2000, 37.1000,  0, 0, 0
L -94.3000, -318.2000, 29.9000,  -106.0000, -327.9000, 30.5000,  0, 0, 0
L -106.0000, -327.9000, 30.5000,  -109.9000, -337.2000, 30.3000,  0, 0, 0
L -109.9000, -337.2000, 30.3000,  -103.5000, -346.7000, 30.6000,  0, 0, 0
L -103.5000, -346.7000, 30.6000,  -90.6000, -352.8000, 31.9000,  0, 0, 0
L -90.6000, -352.8000, 31.9000,  -82.5000, -355.8000, 31.8000,  0, 0, 0
L -82.5000, -355.8000, 31.8000,  -75.8000, -351.3000, 31.3000,  0, 0, 0
L -75.8000, -351.3000, 31.3000,  -69.4000, -343.5000, 29.3000,  0, 0, 0
L -69.4000, -343.5000, 29.3000,  -62.0000, -338.5000, 29.1000,  0, 0, 0
L -62.0000, -338.5000, 29.1000,  -52.3000, -344.0000, 29.0000,  0, 0, 0
L -52.3000, -344.0000, 29.0000,  -45.5000, -348.1000, 30.0000,  0, 0, 0
L 148.8000, -176.8000, -10.3000,  151.0000, -175.2000, -9.3000,  0, 0, 0
L 151.0000, -175.2000, -9.3000,  155.9000, -174.0000, -9.4000,  0, 0, 0
L 155.9000, -174.0000, -9.4000,  155.1000, -170.4000, -9.3000,  0, 0, 0
L 155.1000, -170.4000, -9.3000,  150.7000, -171.0000, -9.4000,  0, 0, 0
L 150.7000, -171.0000, -9.4000,  146.2000, -173.1000, -10.3000,  0, 0, 0
L 139.3000, -183.8000, -10.3000,  139.0000, -188.9000, -10.3000,  0, 0, 0
L 139.0000, -188.9000, -10.3000,  139.8000, -194.5000, -10.3000,  0, 0, 0
L 145.0000, -198.2000, -15.0000,  144.1000, -193.3000, -10.3000,  0, 0, 0
L 144.1000, -193.3000, -10.3000,  143.2000, -188.7000, -9.3000,  0, 0, 0
L 143.2000, -188.7000, -9.3000,  143.8000, -184.8000, -10.3000,  0, 0, 0
L 287.9000, -176.2000, -10.2000,  287.0000, -168.1000, -14.6000,  0, 0, 0
L 287.0000, -168.1000, -14.6000,  290.1000, -167.8000, -14.6000,  0, 0, 0
L 290.1000, -167.8000, -14.6000,  292.5000, -176.7000, -10.2000,  0, 0, 0
L 292.9000, -186.8000, -10.2000,  291.8000, -196.6000, -10.2000,  0, 0, 0
L 146.2000, -201.4000, -16.6000,  149.2000, -215.4000, -17.7000,  0, 0, 0
L 149.2000, -215.4000, -17.7000,  149.8000, -219.9000, -17.1000,  0, 0, 0
L 149.8000, -219.9000, -17.1000,  152.0000, -238.1000, -17.8000,  0, 0, 0
L 152.0000, -238.1000, -17.8000,  169.8000, -254.4000, -16.8000,  0, 0, 0
L 169.8000, -254.4000, -16.8000,  160.2000, -265.8000, -15.5000,  0, 0, 0
L 160.2000, -265.8000, -15.5000,  158.2000, -274.0000, -15.3000,  0, 0, 0
L 158.2000, -274.0000, -15.3000,  164.1000, -282.1000, -15.4000,  0, 0, 0
L 164.1000, -282.1000, -15.4000,  175.0000, -287.1000, -14.9000,  0, 0, 0
L 175.0000, -287.1000, -14.9000,  185.9000, -289.1000, -15.1000,  0, 0, 0
L 185.9000, -289.1000, -15.1000,  196.7000, -271.5000, -15.2000,  0, 0, 0
L 196.7000, -271.5000, -15.2000,  209.5000, -259.4000, -14.3000,  0, 0, 0
L 209.5000, -259.4000, -14.3000,  228.9000, -252.0000, -14.1000,  0, 0, 0
L 228.9000, -252.0000, -14.1000,  232.8000, -268.8000, -15.0000,  0, 0, 0
L 232.8000, -268.8000, -15.0000,  238.7000, -274.6000, -14.4000,  0, 0, 0
L 238.7000, -274.6000, -14.4000,  248.8000, -274.1000, -14.8000,  0, 0, 0
L 248.8000, -274.1000, -14.8000,  261.8000, -263.5000, -13.9000,  0, 0, 0
L 261.8000, -263.5000, -13.9000,  265.8000, -255.3000, -15.5000,  0, 0, 0
L 265.8000, -255.3000, -15.5000,  258.2000, -240.6000, -16.9000,  0, 0, 0
L 258.2000, -240.6000, -16.9000,  259.4000, -230.9000, -14.9000,  0, 0, 0
L 259.4000, -230.9000, -14.9000,  270.2000, -219.5000, -13.8000,  0, 0, 0
L 270.2000, -219.5000, -13.8000,  274.3000, -206.6000, -14.5000,  0, 0, 0
L 274.3000, -206.6000, -14.5000,  283.3000, -202.6000, -20.3000,  0, 0, 0
L 283.3000, -202.6000, -20.3000,  290.6000, -198.4000, -14.8000,  0, 0, 0
L 290.6000, -198.4000, -14.8000,  293.6000, -198.0000, -14.7000,  0, 0, 0
L 293.6000, -198.0000, -14.7000,  295.5000, -193.4000, -12.9000,  0, 0, 0
L 295.5000, -193.4000, -12.9000,  296.6000, -187.1000, -12.9000,  0, 0, 0
L 296.6000, -187.1000, -12.9000,  298.0000, -184.9000, -13.3000,  0, 0, 0
L 298.0000, -184.9000, -13.3000,  297.3000, -179.5000, -13.3000,  0, 0, 0
L 297.3000, -179.5000, -13.3000,  295.6000, -173.1000, -13.2000,  0, 0, 0
L 295.6000, -173.1000, -13.2000,  293.0000, -169.6000, -13.8000,  0, 0, 0
L 284.6000, -166.2000, -16.3000,  277.6000, -166.2000, -17.7000,  0, 0, 0
L 277.6000, -166.2000, -17.7000,  266.9000, -162.1000, -14.9000,  0, 0, 0
L 266.9000, -162.1000, -14.9000,  248.5000, -157.0000, -15.4000,  0, 0, 0
L 248.5000, -157.0000, -15.4000,  236.7000, -152.2000, -14.5000,  0, 0, 0
L 236.7000, -152.2000, -14.5000,  210.6000, -146.4000, -15.2000,  0, 0, 0
L 210.6000, -146.4000, -15.2000,  177.3000, -155.1000, -13.8000,  0, 0, 0
L 177.3000, -155.1000, -13.8000,  164.3000, -164.1000, -15.3000,  0, 0, 0
L 164.3000, -164.1000, -15.3000,  160.6000, -173.5000, -16.5000,  0, 0, 0
L 160.6000, -173.5000, -16.5000,  157.5000, -168.7000, -16.4000,  0, 0, 0
L 157.5000, -168.7000, -16.4000,  146.7000, -163.6000, -15.1000,  0, 0, 0
L 146.7000, -163.6000, -15.1000,  139.0000, -167.4000, -15.7000,  0, 0, 0
L 139.0000, -167.4000, -15.7000,  132.1000, -179.6000, -15.0000,  0, 0, 0
L 132.1000, -179.6000, -15.0000,  129.0000, -187.7000, -15.5000,  0, 0, 0
L 129.0000, -187.7000, -15.5000,  133.7000, -195.7000, -16.6000,  0, 0, 0
L 133.7000, -195.7000, -16.6000,  146.2000, -201.4000, -16.0000,  0, 0, 0
L -66.4000, -202.2000, 36.9000,  -70.8000, -201.8000, 36.9000,  0, 0, 0
L -70.8000, -201.8000, 36.9000,  -70.9000, -202.6000, 36.9000,  0, 0, 0
L -70.9000, -202.6000, 36.9000,  -74.1000, -202.5000, 36.9000,  0, 0, 0
L -74.1000, -202.5000, 36.9000,  -73.8000, -195.9000, 34.0000,  0, 0, 0
L -73.8000, -195.9000, 34.0000,  -70.9000, -196.1000, 35.3000,  0, 0, 0
L -70.9000, -196.1000, 35.3000,  -70.5000, -197.8000, 36.9000,  0, 0, 0
L -70.5000, -197.8000, 36.9000,  -63.7000, -198.7000, 36.9000,  0, 0, 0
L -53.4000, -201.1000, 36.9000,  -45.7000, -204.3000, 36.9000,  0, 0, 0
L -45.7000, -204.3000, 36.9000,  -47.2000, -208.6000, 36.9000,  0, 0, 0
L -47.2000, -208.6000, 36.9000,  -50.8000, -206.7000, 37.9000,  0, 0, 0
L -50.8000, -206.7000, 37.9000,  -54.5000, -205.5000, 36.9000,  0, 0, 0
L -45.5000, -348.1000, 30.0000,  -17.8000, -338.3000, 31.9000,  0, 0, 0
L -17.8000, -338.3000, 31.9000,  -15.6000, -350.3000, 29.6000,  0, 0, 0
L -15.6000, -350.3000, 29.6000,  -8.2000, -358.5000, 31.0000,  0, 0, 0
L -8.2000, -358.5000, 31.0000,  3.0000, -356.8000, 31.9000,  0, 0, 0
L 3.0000, -356.8000, 31.9000,  13.6000, -351.2000, 31.3000,  0, 0, 0
L 13.6000, -351.2000, 31.3000,  20.9000, -346.7000, 29.8000,  0, 0, 0
L 20.9000, -346.7000, 29.8000,  17.8000, -332.6000, 29.8000,  0, 0, 0
L 17.8000, -332.6000, 29.8000,  15.8000, -326.5000, 27.7000,  0, 0, 0
L 15.8000, -326.5000, 27.7000,  11.8000, -311.3000, 33.3000,  0, 0, 0
L 9.4000, -299.2000, 33.2000,  7.6000, -282.7000, 33.3000,  0, 0, 0
L 7.6000, -282.7000, 33.3000,  -2.8000, -247.8000, 32.1000,  0, 0, 0
L -2.8000, -247.8000, 32.1000,  -8.8000, -238.9000, 32.5000,  0, 0, 0
L -8.8000, -238.9000, 32.5000,  3.0000, -226.3000, 33.3000,  0, 0, 0
L 3.0000, -226.3000, 33.3000,  5.6000, -223.5000, 33.3000,  0, 0, 0
L 5.6000, -223.5000, 33.3000,  2.8000, -214.3000, 33.1000,  0, 0, 0
L 2.8000, -214.3000, 33.1000,  -0.1000, -210.6000, 32.9000,  0, 0, 0
L -0.1000, -210.6000, 32.9000,  -9.0000, -202.4000, 32.1000,  0, 0, 0
L -9.0000, -202.4000, 32.1000,  -16.0000, -205.6000, 31.9000,  0, 0, 0
L -16.0000, -205.6000, 31.9000,  -26.8000, -214.6000, 31.7000,  0, 0, 0
L -26.8000, -214.6000, 31.7000,  -36.7000, -215.4000, 31.2000,  0, 0, 0
L -36.7000, -215.4000, 31.2000,  -44.7000, -224.3000, 32.3000,  0, 0, 0
L -44.7000, -224.3000, 32.3000,  -52.9000, -219.9000, 33.3000,  0, 0, 0
L -52.9000, -219.9000, 33.3000,  -48.4000, -210.1000, 33.6000,  0, 0, 0
L -43.8000, -200.3000, 34.0000,  -45.7000, -195.8000, 33.1000,  0, 0, 0
L -45.7000, -195.8000, 33.1000,  -50.5000, -191.2000, 32.0000,  0, 0, 0
L -50.5000, -191.2000, 32.0000,  -63.2000, -189.1000, 31.7000,  0, 0, 0
L -63.2000, -189.1000, 31.7000,  -74.1000, -189.6000, 31.4000,  0, 0, 0
L -74.1000, -189.6000, 31.4000,  -79.1000, -198.7000, 31.4000,  0, 0, 0
L -79.1000, -198.7000, 31.4000,  -80.4000, -207.5000, 29.5000,  0, 0, 0
L -80.4000, -207.5000, 29.5000,  -80.1000, -214.8000, 30.6000,  0, 0, 0
L -80.1000, -214.8000, 30.6000,  -89.2000, -224.5000, 30.7000,  0, 0, 0
L -89.2000, -224.5000, 30.7000,  -110.3000, -238.2000, 30.9000,  0, 0, 0
L -110.3000, -238.2000, 30.9000,  -118.4000, -261.5000, 31.2000,  0, 0, 0
L -118.4000, -261.5000, 31.2000,  -135.0000, -257.4000, 32.0000,  0, 0, 0
L -135.0000, -257.4000, 32.0000,  -143.6000, -259.6000, 32.5000,  0, 0, 0
L -143.6000, -259.6000, 32.5000,  -147.6000, -268.6000, 32.8000,  0, 0, 0
L -147.6000, -268.6000, 32.8000,  -149.2000, -280.2000, 32.0000,  0, 0, 0
L -149.2000, -280.2000, 32.0000,  -146.5000, -291.3000, 32.3000,  0, 0, 0
L -146.5000, -291.3000, 32.3000,  -139.7000, -294.6000, 31.9000,  0, 0, 0
L -139.7000, -294.6000, 31.9000,  -129.1000, -293.8000, 31.2000,  0, 0, 0
L -129.1000, -293.8000, 31.2000,  -121.5000, -297.7000, 31.1000,  0, 0, 0
L -121.5000, -297.7000, 31.1000,  -115.9000, -301.7000, 30.5000,  0, 0, 0
L -115.9000, -301.7000, 30.5000,  -101.0000, -306.8000, 31.2000,  0, 0, 0
L -101.0000, -306.8000, 31.2000,  -94.3000, -318.2000, 30.4000,  0, 0, 0
L 74.6000, 183.0000, 29.9000,  72.6000, 186.8000, 28.6000,  0, 0, 0
L 85.0000, 177.8000, 27.0000,  86.8000, 181.9000, 27.0000,  0, 0, 0
L 94.1000, 172.8000, 27.0000,  96.0000, 176.8000, 27.0000,  0, 0, 0
L 96.0000, 176.8000, 27.0000,  86.8000, 181.9000, 27.0000,  199, 21, 133
L 94.1000, 172.8000, 27.0000,  85.0000, 177.8000, 27.0000,  199, 21, 133
L 94.2000, 48.0000, 5.7000,  104.4000, 38.5000, 5.7000,  199, 21, 133
L 100.4000, 35.1000, 5.7000,  90.9000, 44.0000, 5.7000,  199, 21, 133
L 121.3000, 12.6000, 5.7000,  124.3000, -0.5000, 5.7000,  0, 0, 0
L 92.4000, -2.5000, 3.7000,  91.7000, 0.7000, 3.7000,  150, 150, 150
L 89.3000, -4.3000, 2.7000,  92.4000, -2.5000, 3.7000,  150, 150, 150
L 84.5000, 7.5000, 2.7000,  88.0000, 8.4000, 3.7000,  150, 150, 150
L 79.0000, -42.0000, 0.8000,  86.3000, -24.6000, 0.8000,  150, 150, 150
L 87.6000, -11.9000, 0.8000,  86.3000, -6.6000, 0.8000,  150, 150, 150
L 86.3000, -24.6000, 0.8000,  87.6000, -11.9000, 0.8000,  150, 150, 150
L 91.3000, -11.5000, 2.7000,  90.3000, -25.2000, 2.7000,  150, 150, 150
L 89.3000, -4.3000, 2.7000,  91.3000, -11.5000, 2.7000,  150, 150, 150
L 90.3000, -25.2000, 2.7000,  82.5000, -43.4000, 2.7000,  150, 150, 150
L 79.0000, -42.0000, 0.8000,  82.5000, -43.4000, 2.7000,  150, 150, 150
L 94.1000, -10.9000, 3.6000,  92.4000, -2.5000, 3.6000,  150, 150, 150
L 85.4000, -44.5000, 3.6000,  93.5000, -25.7000, 3.6000,  150, 150, 150
L 94.1000, -10.9000, 3.6000,  93.5000, -25.7000, 3.6000,  150, 150, 150
L 82.5000, -43.4000, 2.7000,  85.4000, -44.5000, 3.6000,  150, 150, 150
L 94.1000, 4.5000, 4.7000,  97.5000, -10.9000, 4.7000,  150, 150, 150
L 96.7000, -26.2000, 4.7000,  88.4000, -45.7000, 4.7000,  150, 150, 150
L 97.5000, -10.9000, 4.7000,  96.7000, -26.2000, 4.7000,  150, 150, 150
L 100.9000, -10.8000, 5.7000,  96.6000, 6.3000, 5.7000,  150, 150, 150
L 92.6000, -44.4000, 5.7000,  100.1000, -26.7000, 5.7000,  150, 150, 150
L 100.9000, -10.8000, 5.7000,  100.1000, -26.7000, 5.7000,  150, 150, 150
L 85.4000, -44.5000, 3.6000,  88.4000, -45.7000, 4.7000,  150, 150, 150
L 116.9000, -57.0000, 5.7000,  90.1000, -46.4000, 5.7000,  150, 150, 150
L 92.6000, -44.4000, 5.7000,  90.1000, -46.4000, 5.7000,  150, 150, 150
L 88.4000, -45.7000, 4.7000,  90.1000, -46.4000, 5.7000,  150, 150, 150
L -93.5000, 53.2000, 2.2000,  -98.2000, 55.5000, 2.2000,  0, 0, 0
L -98.2000, 55.5000, 2.2000,  -87.8000, 67.8000, 0.9000,  255, 255, 0
L -84.7000, 63.3000, 2.3000,  -87.8000, 67.8000, 0.9000,  0, 0, 0
L -84.7000, 63.3000, 2.3000,  -93.5000, 53.2000, 2.2000,  255, 255, 0
L -79.0000, 72.5000, 0.9000,  -73.7000, 70.4000, 0.9000,  150, 150, 150
L -73.7000, 70.4000, 0.9000,  -70.6000, 65.4000, 0.9000,  150, 150, 150
L -81.5000, 31.7000, -1.2000,  -83.3000, 31.7000, -0.1000,  150, 150, 150
L -64.7000, 55.9000, 0.9000,  -64.3000, 53.0000, -0.1000,  150, 150, 150
L -147.1000, 112.1000, -63.0000,  -149.8000, 115.7000, -63.0000,  0, 0, 0
L -153.6000, 104.6000, -63.0000,  -156.9000, 107.3000, -63.0000,  0, 0, 0
L -149.8000, 115.7000, -63.0000,  -156.9000, 107.3000, -63.0000,  255, 255, 0
L -153.6000, 104.6000, -63.0000,  -147.1000, 112.1000, -63.0000,  255, 255, 0
L -134.0000, 194.9000, -63.0000,  -138.4000, 193.6000, -63.0000,  0, 0, 0
L -138.4000, 193.6000, -63.0000,  -143.7000, 201.8000, -63.0000,  199, 21, 133
L -143.7000, 201.8000, -63.0000,  -140.6000, 205.2000, -63.1000,  0, 0, 0
L -140.6000, 205.2000, -63.1000,  -134.0000, 194.9000, -63.0000,  199, 21, 133
L -275.6000, 156.7000, -63.0000,  -279.9000, 158.3000, -63.0000,  0, 0, 0
L -279.9000, 158.3000, -63.0000,  -281.8000, 145.8000, -63.0000,  199, 21, 133
L -281.8000, 145.8000, -63.0000,  -277.8000, 145.8000, -63.0000,  0, 0, 0
L -275.6000, 156.7000, -63.0000,  -277.8000, 145.8000, -63.0000,  199, 21, 133
L -277.8000, 145.8000, -63.0000,  -278.7000, 140.2000, -63.0000,  0, 0, 0
L -173.2000, -80.9000, -25.3000,  -176.4000, -83.0000, -25.3000,  0, 0, 0
L -166.0000, -96.8000, -25.3000,  -170.2000, -97.4000, -25.3000,  0, 0, 0
L -170.2000, -97.4000, -25.3000,  -172.7000, -88.7000, -25.3000,  255, 255, 0
L -168.8000, -86.7000, -25.3000,  -166.0000, -96.8000, -25.3000,  255, 255, 0
L -319.4000, -83.4000, -25.2000,  -322.5000, -80.4000, -25.2000,  0, 0, 0
L -322.5000, -80.4000, -25.2000,  -315.4000, -70.8000, -25.3000,  199, 21, 133
L -319.4000, -83.4000, -25.2000,  -312.7000, -74.3000, -25.3000,  199, 21, 133
L -312.7000, -74.3000, -25.3000,  -315.4000, -70.8000, -25.3000,  0, 0, 0
L -315.4000, -70.8000, -25.3000,  -310.7000, -64.5000, -25.4000,  0, 0, 0
L -312.7000, -74.3000, -25.3000,  -307.6000, -67.5000, -25.3000,  0, 0, 0
L -307.6000, -67.5000, -25.3000,  -310.7000, -64.5000, -25.4000,  0, 0, 0
L -96.1000, -68.4000, -1.4000,  -90.8000, -73.4000, 0.4000,  0, 0, 0
L -90.8000, -73.4000, 0.4000,  -84.1000, -78.8000, -1.7000,  0, 0, 0
L -99.5000, -45.6000, 0.4000,  -94.0000, -40.0000, 1.8000,  150, 150, 150
L -94.0000, -40.0000, 1.8000,  -92.4000, -39.6000, 0.4000,  150, 150, 150
L -88.2000, -53.1000, 0.4000,  -93.0000, -54.6000, 0.4000,  0, 0, 0
L -93.0000, -54.6000, 0.4000,  -87.6000, -66.9000, 0.4000,  255, 255, 0
L -87.6000, -66.9000, 0.4000,  -83.0000, -64.5000, 0.4000,  0, 0, 0
L -83.0000, -64.5000, 0.4000,  -88.2000, -53.1000, 0.4000,  255, 255, 0
L -70.6000, -36.7000, -1.6000,  -72.7000, -35.9000, -0.5000,  150, 150, 150
L -62.1000, -63.7000, -0.6000,  -62.2000, -66.6000, 0.4000,  150, 150, 150
L -45.6000, -116.9000, 3.1000,  -31.6000, -123.0000, 3.1000,  255, 255, 0
L -43.4000, -112.2000, 3.9000,  -56.0000, -107.0000, 3.1000,  0, 0, 0
L -29.8000, -117.8000, 3.3000,  -43.4000, -112.2000, 3.9000,  255, 255, 0
L -31.6000, -123.0000, 3.1000,  -23.7000, -126.4000, 3.1000,  0, 0, 0
L -59.1000, -111.0000, 3.1000,  -53.0000, -95.2000, 3.1000,  0, 0, 0
L -53.0000, -95.2000, 3.1000,  -45.6000, -81.8000, -3.0000,  0, 0, 0
L -41.1000, -126.9000, 0.4000,  -30.9000, -128.7000, 3.1000,  0, 0, 0
L -39.6000, -82.1000, -1.2000,  -43.0000, -86.1000, 1.1000,  150, 150, 150
L -43.0000, -86.1000, 1.1000,  -46.0000, -88.4000, 3.0000,  150, 150, 150
L -14.3000, -95.7000, 0.1000,  -13.6000, -99.6000, 2.1000,  150, 150, 150
L 72.5000, -110.0000, 1.6000,  75.6000, -113.6000, 1.6000,  0, 0, 0
L 75.6000, -113.6000, 1.6000,  81.3000, -108.8000, 1.6000,  0, 0, 0
L 81.3000, -108.8000, 1.6000,  82.2000, -109.5000, 1.6000,  0, 0, 0
L 60.6000, -122.8000, 1.6000,  58.2000, -118.2000, 2.5000,  0, 0, 0
L 58.2000, -118.2000, 2.5000,  72.5000, -110.0000, 1.6000,  255, 255, 0
L 60.6000, -122.8000, 1.6000,  75.6000, -113.6000, 1.6000,  255, 255, 0
L 66.1000, -86.4000, -0.4000,  67.6000, -86.4000, 0.6000,  150, 150, 150
L 39.1000, -102.3000, 0.6000,  39.3000, -105.9000, 1.6000,  150, 150, 150
L 76.7000, 29.3000, 5.7000,  72.8000, 28.7000, 4.7000,  150, 150, 150
L 72.8000, 28.7000, 4.7000,  68.9000, 27.3000, 3.7000,  150, 150, 150
L 63.7000, 23.3000, 1.7000,  65.6000, 25.9000, 2.7000,  150, 150, 150
L 16.5000, 33.1000, -1.4000,  17.7000, 35.1000, -1.4000,  150, 150, 150
L 16.6000, 31.8000, -0.8000,  16.5000, 33.1000, -1.4000,  150, 150, 150
L -6.6000, 33.3000, 0.6000,  -7.2000, 31.0000, 0.6000,  150, 150, 150
L -7.2000, 31.0000, 0.6000,  -7.9000, 28.6000, 0.6000,  150, 150, 150
L -22.8000, 15.0000, -2.1000,  -20.5000, 13.8000, -1.0000,  150, 150, 150
L -20.5000, 13.8000, -1.0000,  -18.3000, 12.9000, 0.6000,  150, 150, 150
L -23.8000, 3.4000, -1.7000,  -25.1000, 1.7000, -2.4000,  150, 150, 150
L -21.6000, 6.1000, -0.7000,  -23.8000, 3.4000, -1.7000,  150, 150, 150
L -19.8000, 8.4000, 0.2000,  -21.6000, 6.1000, -0.7000,  150, 150, 150
L 4.9000, -16.7000, -0.1000,  5.0000, -12.0000, 0.6000,  0, 0, 0
L 14.4000, -14.5000, -0.2000,  19.9000, -9.9000, 0.6000,  0, 0, 0
L 16.9000, -13.7000, 0.6000,  14.4000, -14.5000, -0.2000,  150, 150, 150
L 17.7000, 35.1000, -1.4000,  14.5000, 35.7000, 0.6000,  150, 150, 150
L 9.4000, -299.2000, 33.2000,  11.8000, -311.3000, 33.3000,  0, 0, 0
L -43.8000, -200.3000, 34.0000,  -45.1000, -204.9000, 34.0000,  0, 0, 0
L -45.1000, -204.9000, 34.0000,  -46.3000, -209.2000, 34.0000,  0, 0, 0
L -46.3000, -209.2000, 34.0000,  -48.4000, -210.1000, 33.6000,  0, 0, 0
L -54.5000, -205.5000, 36.9000,  -53.4000, -201.1000, 36.9000,  0, 0, 0
L -63.7000, -198.7000, 36.9000,  -64.7000, -202.7000, 36.9000,  0, 0, 0
L -64.7000, -202.7000, 36.9000,  -66.4000, -202.2000, 36.9000,  0, 0, 0
L -64.7000, -202.7000, 36.9000,  -54.5000, -205.5000, 36.9000,  255, 255, 0
L -53.4000, -201.1000, 36.9000,  -63.7000, -198.7000, 36.9000,  255, 255, 0
L -87.1000, -345.8000, 36.9000,  -84.7000, -342.2000, 37.2000,  0, 0, 0
L -91.8000, -338.2000, 37.1000,  -96.0000, -339.9000, 36.9000,  0, 0, 0
L -96.0000, -339.9000, 36.9000,  -87.1000, -345.8000, 36.9000,  199, 21, 133
L -84.7000, -342.2000, 37.2000,  -91.8000, -338.2000, 37.1000,  199, 21, 133
L 148.8000, -176.8000, -10.3000,  146.2000, -173.1000, -10.3000,  0, 0, 0
L 146.2000, -173.1000, -10.3000,  139.3000, -183.8000, -10.3000,  255, 255, 0
L 139.3000, -183.8000, -10.3000,  143.8000, -184.8000, -10.3000,  0, 0, 0
L 143.8000, -184.8000, -10.3000,  148.8000, -176.8000, -10.3000,  255, 255, 0
L 139.8000, -194.5000, -10.3000,  145.0000, -198.2000, -15.0000,  0, 0, 0
L 293.0000, -169.6000, -13.8000,  290.1000, -166.8000, -14.6000,  0, 0, 0
L 286.2000, -166.8000, -15.8000,  284.6000, -166.2000, -16.3000,  0, 0, 0
L 290.1000, -166.8000, -14.6000,  286.2000, -166.8000, -15.8000,  0, 0, 0
L 287.9000, -176.2000, -10.2000,  292.5000, -176.7000, -10.2000,  0, 0, 0
L 292.9000, -186.8000, -10.2000,  287.9000, -186.3000, -10.2000,  0, 0, 0
L 287.9000, -186.3000, -10.2000,  287.9000, -196.7000, -10.2000,  0, 0, 0
L 287.9000, -196.7000, -10.2000,  291.8000, -196.6000, -10.2000,  0, 0, 0
L 292.5000, -176.7000, -10.2000,  292.9000, -186.8000, -10.2000,  199, 21, 133
L 287.9000, -186.3000, -10.2000,  287.9000, -176.2000, -10.2000,  199, 21, 133
