P 304.1754, -1155.3417, -17.9980,  0, 0, 0,  3,  General_Jared_Blaystich
P -1358.0000, 1496.0000, 115.1201,  127, 64, 0,  2,  Trillcor_(Hunter)
P 303.0000, -335.0000, -24.0306,  127, 64, 0,  2,  Torin_Truestring_(Hunter)
P 129.6358, -871.0203, -112.6196,  127, 64, 0,  2,  The_Needlite_Queen_(Hunter)
P 494.0000, -380.0000, -40.9970,  127, 64, 0,  2,  Dack_Tiktopper_(Hunter)
P 732.8344, -563.7874, -32.6855,  127, 64, 0,  2,  Murph_Cobblestone_(Hunter)
P -1206.0000, 1466.0000, 117.0480,  127, 64, 0,  2,  Fireclaw_(Hunter)
P -1068.4279, 773.6871, 87.0549,  127, 64, 0,  2,  Fireclaw_(Hunter)
P -1152.0365, 739.9460, 97.3144,  127, 64, 0,  2,  Fireclaw_(Hunter)
P 710.7729, -528.5320, -30.5657,  127, 64, 0,  2,  Crinthia_Signseer_(Hunter)
P 529.9135, -235.2210, -40.6855,  127, 64, 0,  2,  Crinthia_Signseer_(Hunter)
P -507.6799, -534.5082, -45.9627,  127, 64, 0,  2,  Chief_Groplin_(Hunter)
P 375.7115, -662.3476, -38.5799,  0, 0, 0,  2,  Lieutenant_Arathur
P -409.1783, -1158.9225, -123.9769,  0, 0, 0,  2,  The_Great_Saprophyte
P -1224.2031, 524.0170, 132.9761,  0, 0, 0,  2,  Taskmaster_Torkazh
P -428.5291, 484.7095, 55.4599,  0, 0, 0,  2,  Harold_the_Herald
P -398.3759, 421.6047, 54.6960,  0, 0, 0,  2,  Royal_Guardian_of_Below
P -405.9141, 421.6255, 56.1032,  0, 0, 0,  2,  King_Gomklin_of_Below
P -412.8761, 423.0705, 56.0979,  0, 0, 0,  2,  King_Grery_of_Above
P -423.0252, 421.4594, 55.9790,  0, 0, 0,  2,  Royal_Guardian_of_Above
P -362.1061, 415.5245, 55.9495,  0, 0, 0,  2,  Court_Sage
P -388.2467, 470.2839, 54.5129,  0, 0, 0,  2,  Court_Jester
P -454.7701, 435.8292, 54.7942,  0, 0, 0,  2,  Polyona
P -243.3763, 699.3736, 31.0129,  0, 0, 0,  2,  Amscray_the_Historian
P -218.4002, 709.2426, 30.8312,  0, 0, 0,  2,  Crates_the_Philosopher
P -208.3762, 716.1956, 30.9451,  0, 0, 0,  2,  Guildmaster_Grobin
P -499.0614, 1388.8290, -40.1664,  0, 0, 0,  2,  Miner_Daven
P -224.1952, 1256.4646, -1.4784,  0, 0, 0,  2,  Crew_Chief_Doyle
P -204.2031, 1249.4900, -1.1049,  0, 0, 0,  2,  Miner_Dirkins
P -111.8864, 1156.7437, -2.5554,  0, 0, 0,  2,  Engineer_Palin
P -62.0478, -840.0853, -102.7231,  240, 240, 240,  2,  Needle_Cave
P -591.9572, -1003.5857, -128.8904,  240, 240, 240,  2,  Bogling_Cave
P 735.4449, -971.8925, -32.2687,  240, 240, 0,  2,  Secret_Door
P -287.8780, 1284.8510, -40.5230,  255, 255, 0,  2,  Elevator
P 800.0000, -840.0000, 0.0000,  255, 0, 0,  2,  Succor
P 50.4503, 1003.1705, -2.0143,  255, 0, 0,  3,  to_Shadow_Haven
P -1586.0000, 1765.0000, 124.6875,  255, 0, 0,  3,  to_The_Deep
P -1025.0000, -1145.0000, -126.4990,  255, 0, 0,  3,  to_The_Fungus_Grove
P 888.9080, -829.0810, -32.3740,  255, 0, 0,  3,  to_Shadow_Haven
