P -1228.0000, 851.0000, -7.0000,  127, 64, 0,  2,  Avisiris_(Hunter)
P -1177.0000, -473.0000, -117.9677,  127, 64, 0,  2,  Overseer_Gnerpokkel_(Hunter)
P -1431.0000, 115.0000, -152.0000,  127, 64, 0,  2,  Spiritmaster_Ugreth_(Hunter)
P -1393.1439, -777.0291, -80.3265,  127, 64, 0,  2,  Spymaster_Gephes_(Hunter)
P -1609.0000, -312.0000, -152.0000,  127, 64, 0,  2,  Prophet_Grikplag_(Hunter)
P 1211.0000, 887.0000, -2.0000,  255, 210, 0,  2,  Hanarah_(Banker)
P -126.0000, -949.0000, 0.0000,  255, 255, 255,  2,  Bandit_Camp
P 1020.0000, 950.0000, 17.0000,  255, 0, 0,  2,  Succor
P -1942.0000, -865.0000, -271.0000,  255, 0, 0,  3,  to_Acrylia_Caverns
P 1213.0000, 1790.0000, 33.0000,  255, 0, 0,  3,  to_Hollowshade_Moor
P 754.0000, -1542.0000, 39.0000,  255, 0, 0,  3,  to_The_Tenebrous_Mountains
