P -559.7474, 111.5269, -292.1282,  127, 64, 0,  2,  Xalgoz_(Hunter)
P 396.9923, -91.7284, -103.9667,  127, 64, 0,  2,  tortured_librarian_(Hunter)
P -72.1884, -178.5527, -63.9667,  127, 64, 0,  2,  strathbone_runelord_(Hunter)
P 413.2955, -118.3056, -103.8104,  127, 64, 0,  2,  spectral_librarian_(Hunter)
P -703.0000, 79.0000, -299.8749,  127, 64, 0,  2,  reaver_of_Xalgoz_(Hunter)
P 605.0641, -159.3809, -110.9667,  127, 64, 0,  2,  hungered_ravener_(Hunter)
P 83.0402, -127.0378, 0.1582,  127, 64, 0,  2,  frenzied_strathbone_(Hunter)
P 399.5912, -135.8625, -103.9667,  127, 64, 0,  2,  failed_crypt_raider_(Hunter)
P -640.0000, 80.0000, 0.0000,  255, 255, 255,  2,  Hole_To_Floor_Below
P 85.0000, -57.0000, 1.0000,  240, 240, 0,  2,  Fake
P -40.0000, -133.0000, 32.0000,  240, 240, 0,  2,  TRAP:_Pit
P -5.0000, -193.0000, 47.0000,  240, 240, 0,  2,  TRAP:_Pit
P 32.0000, -297.0000, 0.0000,  240, 240, 0,  2,  TRAP:_Pit
P 57.0000, -202.0000, 0.0000,  240, 240, 0,  2,  TRAP:_Pit
P 123.4050, -199.2580, -127.9370,  0, 0, 0,  2,  Door
P -40.0000, -370.0000, 0.0000,  255, 0, 0,  2,  Succor
