P -592.3010, 487.2252, -248.9979,  0, 0, 0,  2,  Taskmaster_Zerumaz
P -382.6751, 480.6066, -248.9979,  0, 0, 0,  2,  Taskmaster_Mikazha
P 131.2294, 482.6383, -248.9979,  0, 0, 0,  2,  Taskmaster_Kavamezh
P -131.6235, 490.1464, -248.9979,  0, 0, 0,  2,  Taskmaster_Keuzozh
P -128.9920, 335.7498, -259.9978,  0, 0, 0,  2,  Warden_Mekuzh
P -137.8832, -13.7981, -259.9978,  0, 0, 0,  2,  Taskmaster_Vezhkah_(Roam)
P 125.4607, -529.8947, -259.4979,  0, 0, 0,  2,  Elder_Glanoxx
P 212.4262, 154.2590, -186.7390,  0, 0, 0,  2,  Rhozth_Ssravich
P 127.8338, -480.4811, -259.9978,  0, 0, 0,  2,  Taskmaster_Zhe`Vozh
P -668.3961, -483.6782, -259.9978,  0, 0, 0,  2,  Taskmaster_Revan`Kezh
P -625.0000, 260.0000, 150.0000,  0, 0, 0,  2,  Rhag`Mozdezh
P 212.9537, -135.7906, -186.7902,  0, 0, 0,  2,  Rhozth_Ssrakezh
P -550.0000, 375.0000, 0.0000,  0, 0, 0,  2,  Rhag`Zhezum
P -262.1320, -406.1538, -253.3941,  240, 240, 240,  2,  Well
P -547.6934, 253.6381, -5.9980,  240, 240, 0,  2,  Fake_Wall
P -891.9283, 325.2626, 399.5018,  240, 240, 240,  2,  Emperor_Room
P -622.1198, 324.0911, 400.0018,  240, 240, 0,  2,  Emperor_Portal_(one-way_from_source)
P -234.8221, 861.4102, 280.6954,  240, 240, 0,  2,  Portal_to_Emperor
P -233.8952, 677.5999, 266.0018,  240, 240, 0,  2,  Locked_Door_(210_Pickable)
P -237.1106, 561.2042, 266.0018,  240, 240, 0,  2,  Locked_Door_(210_Pickable)
P -224.6145, 447.5078, 144.5286,  240, 240, 0,  2,  no_tube_entrance_on_Second_Floor
P -235.7668, 449.8906, 22.7354,  240, 240, 0,  2,  to_Third_Floor
P -235.0745, 308.3921, 8.0020,  240, 240, 0,  2,  Fake_Wall
P 0.0000, 450.0000, 150.0000,  240, 240, 0,  2,  to_First_Floor
P -236.1657, -190.2244, 139.5614,  240, 240, 0,  2,  to_First_Floor
P -100.0000, 200.0000, 150.0000,  240, 240, 0,  2,  to_Third_Floor
P -625.0000, -220.0000, 150.0000,  240, 240, 0,  2,  to_Third_Floor
P -100.0000, 200.0000, 250.0000,  240, 240, 0,  2,  to_Second_Floor
P -625.0000, -220.0000, 250.0000,  240, 240, 0,  2,  to_Second_Floor
P -415.2940, -186.6460, 255.0018,  240, 240, 0,  2,  Trap
P -425.9849, -186.9566, 255.0017,  240, 240, 0,  2,  Trap
P -341.5272, -40.0608, 247.5019,  240, 240, 0,  2,  Trap
P -209.2600, 7.8264, 247.5019,  240, 240, 240,  2,  Jail_Cells
P -74.8031, -3.0345, 247.5019,  240, 240, 0,  2,  Trap
P -75.5483, -33.3645, 247.5019,  240, 240, 0,  2,  Trap
P -76.5163, 39.3593, 247.5019,  240, 240, 0,  2,  Trap
P -368.0026, -3.9649, 129.0019,  240, 240, 0,  2,  Fake_Wall
P 374.0000, 946.0000, -259.9969,  240, 240, 0,  2,  Click_rock_wall_to_enter_basement
P -569.8768, 10.8000, 6.4071,  255, 255, 0,  2,  to_Basement
P -512.3943, 11.3951, -250.9979,  255, 255, 0,  2,  to_First_Floor
P 0.0000, 450.0000, 0.0000,  255, 255, 0,  2,  to_Second_Floor
P -250.0000, -250.0000, 0.0000,  255, 255, 0,  2,  to_Second_Floor
P -517.4330, -220.6571, 129.0019,  255, 255, 0,  2,  Locked_Door_(Zazuzh_Key)
P -78.3598, 42.8020, 129.0019,  255, 255, 0,  2,  Locked_Door_(Zherozsh_Key)
P 137.6530, -241.5491, -226.9980,  255, 255, 0,  2,  Locked_Door_(Picklock)
P -350.0000, 200.0000, 0.0000,  255, 255, 0,  2,  Locked_Door_(210_Picklock)
P -234.3994, 298.8719, 8.0020,  255, 255, 0,  2,  Locked_Door_(210_Picklock)
P -323.7171, 129.5184, -7.9980,  255, 255, 0,  2,  Trap
P 290.0435, 538.2910, -259.9979,  128, 0, 128,  2,  Forge
P -0.0000, -0.0000, 1.8125,  240, 0, 0,  2,  Succor
P 500.0000, 900.0000, -259.0000,  255, 0, 0,  3,  to_The_Deep
P 16.0000, 45.0000, 0.0000,  255, 0, 0,  3,  to_The_Grey
