P 1144.0000, 1773.0000, -24.2707,  255, 0, 0,  3,  to_Grimling_Forest
P -1849.0000, 66.0000, -39.7490,  255, 0, 0,  3,  to_Katta_Castellum
P -1810.0000, -55.0000, 0.0000,  255, 0, 0,  2,  Succor
P -646.0000, -1454.0000, 0.0000,  255, 255, 255,  2,  Coterie_outpost
P -1521.0000, -1361.0000, 0.0000,  255, 255, 255,  2,  Coterie_outpost
P -853.0000, 1637.0000, 0.0000,  255, 255, 255,  2,  Grimling_caves
P 1463.0000, 627.0000, 0.0000,  255, 255, 255,  2,  Coterie_outpost
P 1126.0000, -345.0000, 0.0000,  255, 255, 255,  2,  Coterie_Castle
P 366.0000, -1365.0000, 0.0000,  255, 255, 255,  2,  Coterie_outpost
P 419.5147, -1422.6769, -23.9945,  0, 0, 0,  2,  Veynar_Aeridia
P 404.5899, -1479.6669, -23.9942,  0, 0, 0,  2,  Yaroslav_Verilak
P 1417.0813, 665.5679, -37.5913,  0, 0, 0,  2,  Kristov_Otto
P 1527.7935, 683.5016, -38.1463,  0, 0, 0,  2,  Tymoz
P 303.6185, -1383.5254, -24.6381,  0, 0, 0,  2,  Krelices
P -666.6570, -1497.3207, -48.8381,  0, 0, 0,  2,  Galinious
P -567.7925, -1496.3230, -54.6421,  0, 0, 0,  2,  Drovalak
P -1585.6449, -1360.6575, -35.8376,  0, 0, 0,  2,  Bedlavar
P 1415.8723, -556.6970, 319.8676,  240, 127, 0,  2,  Valdanov_Zevfeer_(Raid)
P -565.1552, 1411.1658, 62.5601,  127, 64, 0,  2,  a_cral_ligi_warlord_(Hunter,Roam)
P 1342.0000, -618.0000, 139.0000,  127, 64, 0,  2,  Emissary_Oomgado_(Hunter)
P 1327.7295, -510.8650, 140.5807,  127, 64, 0,  2,  Gorelaz_Verilak_(Hunter,Roam)
P -254.0000, 1858.0000, -56.1865,  127, 64, 0,  2,  a_grimling_foreman_(Hunter)
P -1380.8004, -1182.7112, 119.8476,  127, 64, 0,  2,  a_grol_baku_warlord_(Hunter)
P 53.2410, -1328.3545, 155.7797,  127, 64, 0,  2,  a_meeda_hune_warlord_(Hunter,Roam)
P 1364.1646, -574.5153, 140.5786,  127, 64, 0,  2,  Renaldok_Masric_(Hunter)
P 1263.0000, 1126.8750, 74.7961,  127, 64, 0,  2,  Skyshadow_(Hunter,Roam)
P 1253.1930, -641.5622, 314.1897,  127, 64, 0,  2,  Trilexior_Aeridia_(Hunter,Roam)
P 1102.9822, -544.0461, 13.0129,  127, 64, 0,  2,  Xenithen_Sterbla_(Hunter,Roam)
P 1387.6825, -627.9763, 312.6301,  127, 64, 0,  2,  Heratius_Grolden_(Hunter)
